caseID,product_category,repair_type,repair_sequence,repair_cost,case_lead_time_hr,actual_repair_time_hr,true_waiting_time_hr,true_waiting_time_pure_hr,priority,priority_score,failure_severity_pre,estimated_repair_cost,sla_breach,repair_mode,repair_group,operational_risk_norm,business_norm,priority_segment
1,대형가전,Internal,InternRepair,207274,367.6,3.6,363.48333333333335,363.48333333333335,High,0.11101657768759483,high,225327,1,Internal Repair,SingleRepair,1.0000000000000002,0.1110165776875948,Normal
2,생활가전,External,ImmediateRepair > ExternRepair,369413,105.95,4.0,101.18333333333334,101.18333333333334,High,0.010989736214810584,low,134253,0,External Repair,MultipleRepair,0.2,0.054948681074052916,Normal
3,정밀/의료기기,Internal,InternRepair,629620,102.01666666666667,3.6666666666666665,97.9,97.9,Low,0.4433472547822148,high,765149,0,Internal Repair,SingleRepair,1.0000000000000002,0.4433472547822147,VIP
4,생활가전,Internal,ImmediateRepair,142692,39.2,2.0,36.4,36.4,Low,0.024534460511022243,medium,111418,0,Immediate Repair,SingleRepair,0.6000000000000001,0.0408907675183704,Normal
5,IT/소형가전,Internal,ImmediateRepair,205156,57.4,1.8,54.63333333333333,54.63333333333333,Low,0.0028379316798329435,low,68046,0,Immediate Repair,SingleRepair,0.2,0.014189658399164716,Normal
8,정밀/의료기기,Internal,ImmediateRepair,1399823,170.7,2.0,167.76666666666665,167.76666666666668,Low,0.45667749354819653,high,786802,1,Immediate Repair,SingleRepair,1.0000000000000002,0.4566774935481964,VIP
9,생활가전,Internal,ImmediateRepair,225575,9.383333333333333,2.2,6.366666666666667,6.366666666666666,Low,0.035688569965130715,medium,141615,0,Immediate Repair,SingleRepair,0.6000000000000001,0.05948094994188452,Normal
10,생활가전,Internal,ImmediateRepair,288809,78.56666666666666,2.0,59.21666666666667,59.21666666666667,High,0.05734040405035363,medium,200232,0,Immediate Repair,SingleRepair,0.6000000000000001,0.0955673400839227,Normal
11,IT/소형가전,Internal,ImmediateRepair,118896,14.183333333333334,2.0,11.016666666666667,11.016666666666667,High,0.0035833366166939194,low,74100,0,Immediate Repair,SingleRepair,0.2,0.017916683083469595,Normal
12,생활가전,Internal,InternRepair > InternRepair,273615,155.01666666666668,17.35,136.66666666666666,136.66666666666666,Low,0.019480999192293295,low,203217,0,Internal Redo,MultipleRepair,0.2,0.09740499596146647,Normal
14,IT/소형가전,Internal,ImmediateRepair,156546,67.76666666666667,2.0,64.98333333333333,64.98333333333333,Medium,0.002923011760997617,low,68737,0,Immediate Repair,SingleRepair,0.2,0.014615058804988083,Normal
15,정밀/의료기기,External,ImmediateRepair > ExternRepair,957843,31.033333333333335,3.6,26.4,26.4,High,0.5296407428931661,high,905320,0,External Repair,MultipleRepair,1.0000000000000002,0.529640742893166,VIP
16,생활가전,Internal,ImmediateRepair,234372,97.36666666666666,2.0,83.86666666666666,83.86666666666666,High,0.06035305155532793,medium,208388,0,Immediate Repair,SingleRepair,0.6000000000000001,0.10058841925887986,Normal
17,정밀/의료기기,External,ExternRepair,1651187,10.933333333333334,8.0,2.283333333333333,2.283333333333333,Low,0.8815792389826838,high,1476992,0,External Repair,SingleRepair,1.0000000000000002,0.8815792389826835,VIP
18,대형가전,External,InternRepair > ExternRepair,553180,149.25,7.6,141.21666666666667,141.21666666666667,Medium,0.12499347432083686,medium,383386,0,External Repair,MultipleRepair,0.6000000000000001,0.20832245720139475,Normal
19,IT/소형가전,Internal,ImmediateRepair,116006,172.93333333333334,2.2,167.38333333333333,167.38333333333333,High,0.0037901883335631687,low,75780,1,Immediate Repair,SingleRepair,0.2,0.018950941667815843,Normal
20,생활가전,Internal,InternRepair,220807,115.91666666666667,4.0,110.96666666666667,110.96666666666667,Low,0.034593733377987046,medium,138651,0,Internal Repair,SingleRepair,0.6000000000000001,0.05765622229664506,Normal
21,IT/소형가전,Internal,ImmediateRepair,131506,23.816666666666666,1.8,21.200000000000003,21.2,Low,0.005946371229881208,low,93292,0,Immediate Repair,SingleRepair,0.2,0.029731856149406037,Normal
22,정밀/의료기기,External,ExternRepair,1482231,21.883333333333333,6.0,10.8,10.8,High,0.8530971119560294,high,1430727,0,External Repair,SingleRepair,1.0000000000000002,0.8530971119560292,VIP
23,생활가전,Internal,ImmediateRepair,210016,4.316666666666666,0.9,2.916666666666667,2.9166666666666665,High,0.06808228758298696,medium,229313,0,Immediate Repair,SingleRepair,0.6000000000000001,0.11347047930497824,Normal
24,대형가전,Internal,InternRepair,373416,209.06666666666666,3.6,195.81666666666666,195.81666666666666,High,0.1543698656448849,high,295748,1,Internal Repair,SingleRepair,1.0000000000000002,0.15436986564488486,Normal
25,IT/소형가전,Internal,ImmediateRepair,109531,21.85,2.0,19.166666666666668,19.166666666666668,Medium,0.00011056716770749195,low,45895,0,Immediate Repair,SingleRepair,0.2,0.0005528358385374597,Normal
26,정밀/의료기기,Internal,InternRepair,913550,140.31666666666666,3.6,99.56666666666666,99.56666666666666,Low,0.50708898071354,high,868688,0,Internal Repair,SingleRepair,1.0000000000000002,0.5070889807135399,VIP
27,대형가전,Internal,ImmediateRepair,317952,80.98333333333333,1.8,78.33333333333334,78.33333333333333,Medium,0.13064902188688168,high,257217,0,Immediate Repair,SingleRepair,1.0000000000000002,0.13064902188688166,Normal
28,생활가전,Internal,ImmediateRepair,165009,44.85,2.2,18.266666666666666,18.266666666666666,Medium,0.040919332755461876,medium,155776,0,Immediate Repair,SingleRepair,0.6000000000000001,0.06819888792576978,Normal
29,IT/소형가전,External,InternRepair > ExternRepair,301143,44.96666666666667,9.2,33.28333333333333,33.28333333333333,Medium,0.0028022251334686083,low,67756,0,External Repair,MultipleRepair,0.2,0.014011125667343041,Normal
30,대형가전,External,ExternRepair,542683,99.18333333333334,6.6,91.76666666666667,91.76666666666667,Medium,0.17366531392210557,medium,515153,0,External Repair,SingleRepair,0.6000000000000001,0.2894421898701759,Normal
31,IT/소형가전,Internal,ImmediateRepair,160920,36.43333333333333,2.0,33.61666666666667,33.61666666666667,Medium,0.003557972656173046,low,73894,0,Immediate Repair,SingleRepair,0.2,0.01778986328086523,Normal
32,IT/소형가전,External,ExternRepair,190060,172.35,6.6,164.81666666666666,164.81666666666666,Low,0.011604258190342982,low,139244,1,External Repair,SingleRepair,0.2,0.058021290951714904,Normal
33,생활가전,Internal,ImmediateRepair,127665,59.016666666666666,2.2,50.983333333333334,50.983333333333334,Medium,0.02981915249896575,medium,125725,0,Immediate Repair,SingleRepair,0.6000000000000001,0.04969858749827624,Normal
34,생활가전,Internal,ImmediateRepair,208220,108.16666666666667,2.0,105.41666666666667,105.41666666666667,Low,0.05147652725517623,medium,184357,0,Immediate Repair,SingleRepair,0.6000000000000001,0.08579421209196036,Normal
35,정밀/의료기기,Internal,ImmediateRepair > InternRepair,966865,19.35,10.0,14.549999999999999,8.55,Medium,0.7519546255983927,high,1266436,0,Internal Repair,MultipleRepair,1.0000000000000002,0.7519546255983924,VIP
36,IT/소형가전,Internal,ImmediateRepair > InternRepair,123282,23.45,5.5,10.516666666666666,9.016666666666667,Low,0.0019110389866235896,low,60518,0,Internal Repair,MultipleRepair,0.2,0.009555194933117947,Normal
37,생활가전,Internal,InternRepair,117134,56.78333333333333,4.4,42.449999999999996,42.45,Low,0.005761682196962235,low,91792,0,Internal Repair,SingleRepair,0.2,0.028808410984811177,Normal
38,생활가전,Internal,ImmediateRepair,249834,54.25,2.0,51.45,51.45,High,0.01169044640570517,low,139944,0,Immediate Repair,SingleRepair,0.2,0.05845223202852584,Normal
39,IT/소형가전,Internal,InternRepair > InternRepair,159066,338.56666666666666,19.366666666666667,318.76666666666665,318.76666666666665,Medium,0.001740755698272295,low,59135,1,Internal Redo,MultipleRepair,0.2,0.008703778491361475,Normal
41,IT/소형가전,External,ImmediateRepair > InternRepair > ExternRepair,212879,16.666666666666668,7.2,9.666666666666668,8.466666666666667,Low,0.003776151967061327,low,75666,0,External Repair,MultipleRepair,0.2,0.018880759835306633,Normal
42,생활가전,Internal,ImmediateRepair,173465,8.233333333333333,1.8,5.45,5.45,Medium,0.010042897106045981,low,126563,0,Immediate Repair,SingleRepair,0.2,0.050214485530229905,Normal
43,IT/소형가전,Internal,ImmediateRepair,118028,14.583333333333334,2.2,10.149999999999999,10.15,Low,0.006784736313311401,low,100101,0,Immediate Repair,SingleRepair,0.2,0.033923681566557,Normal
44,생활가전,Internal,ImmediateRepair,205591,36.8,1.8,34.083333333333336,34.083333333333336,Low,0.038264243218218724,medium,148588,0,Immediate Repair,SingleRepair,0.6000000000000001,0.0637737386970312,Normal
45,IT/소형가전,Internal,ImmediateRepair,92729,24.066666666666666,0.9,5.666666666666666,5.666666666666667,Low,0.005481939875100964,low,89520,0,Immediate Repair,SingleRepair,0.2,0.027409699375504817,Normal
46,대형가전,Internal,InternRepair,204407,131.65,4.033333333333333,126.51666666666668,126.51666666666667,Low,0.12226352416225057,high,243596,0,Internal Repair,SingleRepair,1.0000000000000002,0.12226352416225054,Normal
47,대형가전,Internal,InternRepair,451560,179.93333333333334,4.0,175.13333333333333,175.13333333333333,Medium,0.24655308701562229,high,445486,1,Internal Repair,SingleRepair,1.0000000000000002,0.24655308701562223,VIP
48,IT/소형가전,External,ImmediateRepair > ExternRepair,320865,111.58333333333333,4.8,106.0,106.0,Low,0.00605755402769843,low,94195,0,External Repair,MultipleRepair,0.2,0.030287770138492147,Normal
49,대형가전,Internal,ImmediateRepair,389435,189.03333333333333,2.0,176.08333333333331,176.08333333333334,Low,0.2728060174149446,high,488130,1,Immediate Repair,SingleRepair,1.0000000000000002,0.27280601741494453,VIP
50,대형가전,Internal,ImmediateRepair,360698,87.81666666666666,2.0,85.06666666666666,85.06666666666666,Low,0.19107127026654325,high,355364,0,Immediate Repair,SingleRepair,1.0000000000000002,0.1910712702665432,Normal
51,생활가전,External,InternRepair > ExternRepair,234343,119.43333333333334,9.166666666666666,109.55,109.55,Low,0.006605095447292213,low,98642,0,External Repair,MultipleRepair,0.2,0.033025477236461064,Normal
52,IT/소형가전,Internal,InternRepair > InternRepair,144590,14.45,7.7,5.716666666666667,5.716666666666667,Low,0.004138758101692244,low,78611,0,Internal Redo,MultipleRepair,0.2,0.02069379050846122,Normal
53,대형가전,Internal,InternRepair,320150,47.416666666666664,3.6666666666666665,42.96666666666667,42.96666666666667,High,0.26494503654380336,high,475361,0,Internal Repair,SingleRepair,1.0000000000000002,0.2649450365438033,VIP
54,IT/소형가전,Internal,InternRepair,97019,33.7,4.4,28.450000000000003,28.45,Low,0.003920455664782017,low,76838,0,Internal Repair,SingleRepair,0.2,0.019602278323910087,Normal
55,IT/소형가전,Internal,InternRepair,193040,12.866666666666667,2.933333333333333,9.4,9.4,Medium,0.004363832469809499,low,80439,0,Internal Repair,SingleRepair,0.2,0.021819162349047495,Normal
56,IT/소형가전,External,InternRepair > ExternRepair,228675,99.31666666666666,6.966666666666667,91.7,91.7,Low,0.0020811991489529365,low,61900,0,External Repair,MultipleRepair,0.2,0.010405995744764682,Normal
57,대형가전,Internal,InternRepair,536200,291.1666666666667,4.4,286.25,286.25,Medium,0.20647864502275376,high,380391,1,Internal Repair,SingleRepair,1.0000000000000002,0.2064786450227537,Normal
58,생활가전,Internal,ImmediateRepair,167434,218.26666666666668,2.2,214.91666666666666,214.91666666666666,Low,0.060603120505900214,medium,209065,1,Immediate Repair,SingleRepair,0.6000000000000001,0.10100520084316701,Normal
59,생활가전,Internal,ImmediateRepair,189754,223.16666666666666,2.0,208.18333333333334,208.18333333333334,Medium,0.04929498039833732,medium,178451,1,Immediate Repair,SingleRepair,0.6000000000000001,0.08215830066389551,Normal
60,대형가전,Internal,InternRepair,345141,119.16666666666667,4.4,114.01666666666667,114.01666666666667,High,0.2102376824727646,high,386497,0,Internal Repair,SingleRepair,1.0000000000000002,0.21023768247276453,Normal
62,생활가전,Internal,InternRepair > InternRepair,137234,7.833333333333333,4.266666666666667,2.9333333333333336,2.933333333333333,Low,0.008324180965702017,low,112604,0,Internal Redo,MultipleRepair,0.2,0.04162090482851008,Normal
63,생활가전,Internal,ImmediateRepair,176204,124.01666666666667,2.0,121.18333333333332,121.18333333333334,Low,0.03674757687988811,medium,144482,0,Immediate Repair,SingleRepair,0.6000000000000001,0.061245961466480175,Normal
64,IT/소형가전,Internal,InternRepair,69723,212.73333333333332,4.033333333333333,203.5,203.5,High,0.0009244301727704338,low,52505,1,Internal Repair,SingleRepair,0.2,0.004622150863852169,Normal
65,IT/소형가전,Internal,InternRepair,85341,46.833333333333336,4.4,41.35,41.35,Medium,0.002900479698981502,low,68554,0,Internal Repair,SingleRepair,0.2,0.01450239849490751,Normal
66,생활가전,Internal,ImmediateRepair,226894,35.11666666666667,2.2,31.783333333333335,31.783333333333335,Low,0.04379752664447116,medium,163568,0,Immediate Repair,SingleRepair,0.6000000000000001,0.07299587774078525,Normal
68,생활가전,Internal,ImmediateRepair,149096,47.85,2.2,44.55,44.55,Low,0.0100408039636729,low,126546,0,Immediate Repair,SingleRepair,0.2,0.05020401981836449,Normal
69,생활가전,Internal,InternRepair,228822,235.06666666666666,4.0,230.33333333333331,230.33333333333334,Medium,0.03213589172790135,medium,131997,1,Internal Repair,SingleRepair,0.6000000000000001,0.05355981954650224,Normal
70,생활가전,Internal,ImmediateRepair,184420,216.91666666666666,2.0,214.1,214.1,Medium,0.034693465455763295,medium,138921,1,Immediate Repair,SingleRepair,0.6000000000000001,0.057822442426272144,Normal
71,대형가전,Internal,InternRepair,360320,73.28333333333333,3.6666666666666665,68.71666666666667,68.71666666666667,Medium,0.24479361616201417,high,442628,0,Internal Repair,SingleRepair,1.0000000000000002,0.24479361616201412,VIP
73,생활가전,Internal,InternRepair > InternRepair,209064,239.06666666666666,10.95,227.15,227.15,High,0.026227689564823395,medium,116002,1,Internal Redo,MultipleRepair,0.6000000000000001,0.043712815941372316,Normal
74,생활가전,Internal,ImmediateRepair,144141,47.31666666666667,1.8,44.416666666666664,44.416666666666664,Medium,0.022827195090719257,medium,106796,0,Immediate Repair,SingleRepair,0.6000000000000001,0.03804532515119875,Normal
75,IT/소형가전,Internal,ImmediateRepair,119600,144.05,2.0,132.91666666666666,132.91666666666666,Low,0.006089074289316602,low,94451,0,Immediate Repair,SingleRepair,0.2,0.030445371446583006,Normal
76,IT/소형가전,Internal,ImmediateRepair,129809,179.48333333333332,2.0,176.41666666666669,176.41666666666666,Low,0.003462057485077126,low,73115,1,Immediate Repair,SingleRepair,0.2,0.01731028742538563,Normal
77,생활가전,Internal,InternRepair,168276,8.916666666666666,1.8666666666666667,6.65,6.65,Low,0.0063137792793680194,low,96276,0,Internal Repair,SingleRepair,0.2,0.031568896396840095,Normal
78,IT/소형가전,Internal,InternRepair,103358,83.88333333333334,3.6,79.51666666666667,79.51666666666667,Low,0.0032921435747916717,low,71735,0,Internal Repair,SingleRepair,0.2,0.016460717873958357,Normal
79,생활가전,Internal,InternRepair,292146,34.35,4.033333333333333,29.633333333333333,29.633333333333333,Low,0.018544995173459942,low,195615,0,Internal Repair,SingleRepair,0.2,0.0927249758672997,Normal
80,대형가전,Internal,ImmediateRepair,229155,215.01666666666668,1.8,207.45,207.45,Medium,0.18056923622466067,high,338305,1,Immediate Repair,SingleRepair,1.0000000000000002,0.18056923622466065,Normal
81,IT/소형가전,Internal,ImmediateRepair,146709,212.96666666666667,1.8,201.5,201.5,Medium,0.003504166584582652,low,73457,1,Immediate Repair,SingleRepair,0.2,0.01752083292291326,Normal
83,IT/소형가전,Internal,InternRepair,176494,328.68333333333334,3.6666666666666665,324.35,324.35,Low,0.004328864679576841,low,80155,1,Internal Repair,SingleRepair,0.2,0.021644323397884205,Normal
84,IT/소형가전,Internal,InternRepair > InternRepair,178674,278.4166666666667,249.26666666666668,28.016666666666666,28.016666666666666,Medium,0.0032030003349027797,low,71011,1,Internal Redo,MultipleRepair,0.2,0.016015001674513897,Normal
85,IT/소형가전,Internal,ImmediateRepair,128228,105.88333333333334,1.8,102.98333333333333,102.98333333333333,Medium,0.003095880695809775,low,70141,0,Immediate Repair,SingleRepair,0.2,0.015479403479048873,Normal
86,대형가전,Internal,InternRepair,552239,88.26666666666667,4.033333333333333,83.65,83.65,Medium,0.318485771556904,high,562330,0,Internal Repair,SingleRepair,1.0000000000000002,0.31848577155690394,VIP
87,생활가전,Internal,ImmediateRepair,253674,236.38333333333333,1.8,233.78333333333333,233.78333333333333,Medium,0.038235431729083356,medium,148510,1,Immediate Repair,SingleRepair,0.6000000000000001,0.06372571954847225,Normal
88,대형가전,Internal,InternRepair,320581,9.433333333333334,4.8,3.85,3.85,High,0.2205845777269952,high,403304,0,Internal Repair,SingleRepair,1.0000000000000002,0.22058457772699513,VIP
89,생활가전,Internal,ImmediateRepair,191466,15.633333333333333,2.0,9.85,9.85,Medium,0.04479336990997026,medium,166264,0,Immediate Repair,SingleRepair,0.6000000000000001,0.07465561651661709,Normal
90,IT/소형가전,Internal,ImmediateRepair,112001,8.5,1.0,6.816666666666667,6.816666666666666,Low,0.0032090335099781335,low,71060,0,Immediate Repair,SingleRepair,0.2,0.016045167549890667,Normal
91,대형가전,Internal,InternRepair,199420,54.11666666666667,4.4,48.699999999999996,48.7,Medium,0.09912999152892972,high,206019,0,Internal Repair,SingleRepair,1.0000000000000002,0.09912999152892969,Normal
92,IT/소형가전,Internal,ImmediateRepair,88646,7.3,2.2,4.333333333333333,4.333333333333333,Medium,0.0032825397450798838,low,71657,0,Immediate Repair,SingleRepair,0.2,0.016412698725399417,Normal
93,IT/소형가전,Internal,InternRepair,87476,221.81666666666666,3.6666666666666665,199.88333333333335,199.88333333333333,Low,0.0024550097515809374,low,64936,1,Internal Repair,SingleRepair,0.2,0.012275048757904687,Normal
94,IT/소형가전,Internal,ImmediateRepair,93004,116.0,1.8,113.15,113.15,Low,0.0025636069029372948,low,65818,0,Immediate Repair,SingleRepair,0.2,0.012818034514686473,Normal
95,생활가전,Internal,ImmediateRepair,227291,150.08333333333334,2.2,137.5,137.5,Low,0.03285839522468037,medium,133953,0,Immediate Repair,SingleRepair,0.6000000000000001,0.05476399204113394,Normal
96,생활가전,Internal,InternRepair,267847,31.95,2.8,7.500000000000001,7.5,Medium,0.018675385630700737,low,196674,0,Internal Repair,SingleRepair,0.2,0.09337692815350368,Normal
97,IT/소형가전,Internal,InternRepair,103337,23.216666666666665,3.6666666666666665,15.5,15.5,Medium,0.0008042591753511547,low,51529,0,Internal Repair,SingleRepair,0.2,0.004021295876755773,Normal
98,생활가전,Internal,InternRepair,206531,5.083333333333333,1.8666666666666667,2.3166666666666664,2.316666666666667,Low,0.047504235535154954,medium,173603,0,Internal Repair,SingleRepair,0.6000000000000001,0.07917372589192491,Normal
99,IT/소형가전,External,ImmediateRepair > ExternRepair,260714,29.05,4.4,23.53333333333333,23.533333333333335,Medium,0.00530796280609129,low,88107,0,External Repair,MultipleRepair,0.2,0.02653981403045645,Normal
100,대형가전,External,ExternRepair,261081,15.416666666666666,8.8,6.083333333333334,6.083333333333333,High,0.18721003821831725,high,349092,0,External Repair,SingleRepair,1.0000000000000002,0.18721003821831722,Normal
101,생활가전,Internal,InternRepair,142656,20.766666666666666,4.8,1.7666666666666666,1.7666666666666666,Low,0.007578899154862987,low,106551,0,Internal Repair,SingleRepair,0.2,0.03789449577431493,Normal
102,생활가전,Internal,InternRepair,128052,320.2,4.033333333333333,315.05,315.05,High,0.005834942180020095,low,92387,1,Internal Repair,SingleRepair,0.2,0.029174710900100473,Normal
103,생활가전,External,ExternRepair,241039,22.65,6.0,15.866666666666665,15.866666666666667,Low,0.020356548334351174,low,210328,0,External Repair,SingleRepair,0.2,0.10178274167175587,Normal
104,생활가전,Internal,ImmediateRepair,116304,28.283333333333335,2.2,25.450000000000003,25.45,High,0.032924144520399524,medium,134131,0,Immediate Repair,SingleRepair,0.6000000000000001,0.05487357420066587,Normal
106,생활가전,Internal,InternRepair,164542,268.76666666666665,3.6666666666666665,264.55,264.55,High,0.006880035854297591,low,100875,1,Internal Repair,SingleRepair,0.2,0.03440017927148795,Normal
107,IT/소형가전,Internal,ImmediateRepair,121075,8.733333333333333,1.0,3.5333333333333337,3.533333333333333,Low,0.002637359390082937,low,66417,0,Immediate Repair,SingleRepair,0.2,0.013186796950414685,Normal
108,IT/소형가전,Internal,InternRepair,121839,21.083333333333332,3.6,17.116666666666667,17.116666666666667,Medium,0.003047122791119167,low,69745,0,Internal Repair,SingleRepair,0.2,0.015235613955595834,Normal
109,정밀/의료기기,Internal,InternRepair,614977,104.58333333333333,4.4,99.11666666666667,99.11666666666666,High,0.2586335966588523,high,465109,0,Internal Repair,SingleRepair,1.0000000000000002,0.25863359665885227,VIP
110,정밀/의료기기,External,ImmediateRepair > ExternRepair,597190,12.366666666666667,4.8,6.65,6.65,High,0.34899270601446,high,611884,0,External Repair,MultipleRepair,1.0000000000000002,0.3489927060144599,VIP
111,대형가전,Internal,InternRepair > InternRepair,352961,327.1166666666667,23.633333333333333,297.43333333333334,297.43333333333334,High,0.1884308327259117,high,351075,1,Internal Redo,MultipleRepair,1.0000000000000002,0.18843083272591166,Normal
112,IT/소형가전,Internal,ImmediateRepair,127210,101.71666666666667,1.8,94.6,94.6,Low,0.0030264376194322415,low,69577,0,Immediate Repair,SingleRepair,0.2,0.015132188097161207,Normal
113,정밀/의료기기,External,ExternRepair,933531,182.06666666666666,5.4,175.91666666666669,175.91666666666666,Low,0.5303998148184631,high,906553,1,External Repair,SingleRepair,1.0000000000000002,0.530399814818463,VIP
114,대형가전,Internal,InternRepair,287786,167.71666666666667,4.4,162.16666666666666,162.16666666666666,High,0.1654782953448514,high,313792,1,Internal Repair,SingleRepair,1.0000000000000002,0.16547829534485137,Normal
115,생활가전,Internal,ImmediateRepair,114041,100.6,2.2,97.53333333333333,97.53333333333333,Medium,0.023159265971907567,medium,107695,0,Immediate Repair,SingleRepair,0.6000000000000001,0.03859877661984594,Normal
116,대형가전,External,InternRepair > ExternRepair,573545,167.28333333333333,9.2,157.16666666666669,157.16666666666666,Medium,0.1581366600342783,medium,473113,1,External Repair,MultipleRepair,0.6000000000000001,0.26356110005713046,Normal
117,IT/소형가전,Internal,InternRepair,64914,4.7,2.933333333333333,1.05,1.05,Low,0.0031309716120643803,low,70426,0,Internal Repair,SingleRepair,0.2,0.0156548580603219,Normal
118,IT/소형가전,Internal,ImmediateRepair,67998,33.95,2.0,30.833333333333332,30.833333333333332,Low,0.00292842930596324,low,68781,0,Immediate Repair,SingleRepair,0.2,0.0146421465298162,Normal
119,정밀/의료기기,Internal,InternRepair,576336,237.48333333333332,3.3,233.23333333333335,233.23333333333332,Low,0.33229127676759723,high,584755,1,Internal Repair,SingleRepair,1.0000000000000002,0.3322912767675972,VIP
120,대형가전,External,InternRepair > ExternRepair,614994,249.5,6.6,241.96666666666667,241.96666666666667,High,0.15748101396741596,medium,471338,1,External Repair,MultipleRepair,0.6000000000000001,0.2624683566123599,Normal
121,IT/소형가전,Internal,ImmediateRepair,155841,26.183333333333334,2.2,22.916666666666668,22.916666666666668,Low,0.004743922499556747,low,83526,0,Immediate Repair,SingleRepair,0.2,0.023719612497783732,Normal
122,IT/소형가전,Internal,ImmediateRepair,135074,162.3,2.0,159.5,159.5,Medium,0.00302557573727862,low,69570,0,Immediate Repair,SingleRepair,0.2,0.0151278786863931,Normal
123,생활가전,Internal,ImmediateRepair,240939,141.46666666666667,2.0,129.91666666666666,129.91666666666666,High,0.06722089793345286,medium,226981,0,Immediate Repair,SingleRepair,0.6000000000000001,0.11203482988908807,Normal
124,IT/소형가전,Internal,InternRepair > InternRepair,179651,356.15,11.366666666666667,343.73333333333335,343.73333333333335,Low,0.0022754920115836963,low,63478,1,Internal Redo,MultipleRepair,0.2,0.011377460057918481,Normal
125,정밀/의료기기,External,ImmediateRepair > ExternRepair,1492470,91.76666666666667,4.0,87.15,87.15,Medium,0.9547216366895848,high,1595801,0,External Repair,MultipleRepair,1.0000000000000002,0.9547216366895845,VIP
126,대형가전,Internal,InternRepair,242644,164.96666666666667,4.0,147.33333333333331,147.33333333333334,Medium,0.12692938476389357,high,251175,0,Internal Repair,SingleRepair,1.0000000000000002,0.12692938476389354,Normal
127,대형가전,Internal,InternRepair,441997,7.683333333333334,2.933333333333333,4.033333333333333,4.033333333333333,High,0.2449973897283348,high,442959,0,Internal Repair,SingleRepair,1.0000000000000002,0.24499738972833474,VIP
128,IT/소형가전,Internal,ImmediateRepair,101148,92.9,2.0,90.03333333333333,90.03333333333333,Medium,0.004378115088355234,low,80555,0,Immediate Repair,SingleRepair,0.2,0.021890575441776167,Normal
129,생활가전,Internal,ImmediateRepair,134994,145.95,2.2,125.75,125.75,Low,0.041608222848249644,medium,157641,0,Immediate Repair,SingleRepair,0.6000000000000001,0.06934703808041606,Normal
130,생활가전,Internal,ImmediateRepair,323410,19.816666666666666,2.0,11.983333333333334,11.983333333333333,Low,0.06351936033569079,medium,216960,0,Immediate Repair,SingleRepair,0.6000000000000001,0.10586560055948464,Normal
131,대형가전,External,InternRepair > ExternRepair,459425,13.233333333333333,8.4,4.383333333333334,4.383333333333334,Low,0.17045628041212743,high,321878,0,External Repair,MultipleRepair,1.0000000000000002,0.1704562804121274,Normal
132,IT/소형가전,Internal,ImmediateRepair,106854,215.23333333333332,1.8,212.5,212.5,Medium,0.005374943362029905,low,88651,1,Immediate Repair,SingleRepair,0.2,0.026874716810149524,Normal
133,생활가전,External,ImmediateRepair > ExternRepair,366823,47.11666666666667,3.8,42.416666666666664,42.416666666666664,High,0.011673947518764405,low,139810,0,External Repair,MultipleRepair,0.2,0.058369737593822024,Normal
134,IT/소형가전,Internal,InternRepair,132042,19.816666666666666,3.6,15.216666666666667,15.216666666666667,Medium,0.004561695987076693,low,82046,0,Internal Repair,SingleRepair,0.2,0.022808479935383465,Normal
135,생활가전,Internal,InternRepair,272268,66.4,4.033333333333333,61.61666666666667,61.61666666666667,Low,0.021521320501960164,low,219788,0,Internal Repair,SingleRepair,0.2,0.10760660250980082,Normal
136,생활가전,External,ExternRepair,187544,15.783333333333333,6.6,8.066666666666666,8.066666666666666,High,0.015660644983353362,low,172189,0,External Repair,SingleRepair,0.2,0.0783032249167668,Normal
137,IT/소형가전,Internal,ImmediateRepair,135408,76.56666666666666,2.0,70.81666666666666,70.81666666666666,Low,0.0035316236874766067,low,73680,0,Immediate Repair,SingleRepair,0.2,0.017658118437383033,Normal
138,IT/소형가전,External,InternRepair > ExternRepair,261124,79.41666666666667,7.333333333333333,70.9,70.9,Medium,0.003884502866373792,low,76546,0,External Repair,MultipleRepair,0.2,0.019422514331868958,Normal
139,생활가전,Internal,ImmediateRepair,200095,109.08333333333333,1.8,106.25,106.25,Low,0.04978588384783595,medium,179780,0,Immediate Repair,SingleRepair,0.6000000000000001,0.08297647307972657,Normal
140,IT/소형가전,Internal,ImmediateRepair,108649,244.3,1.8,241.66666666666666,241.66666666666666,Medium,0.0019799895589133394,low,61078,1,Immediate Repair,SingleRepair,0.2,0.009899947794566696,Normal
141,정밀/의료기기,Internal,InternRepair,787528,41.06666666666667,4.0,36.333333333333336,36.333333333333336,High,0.5419182541715097,high,925263,0,Internal Repair,SingleRepair,1.0000000000000002,0.5419182541715096,VIP
142,생활가전,Internal,InternRepair,200763,74.86666666666666,3.6666666666666665,70.81666666666668,70.81666666666666,Low,0.053689471247611364,medium,190348,0,Internal Repair,SingleRepair,0.6000000000000001,0.08948245207935226,Normal
143,생활가전,Internal,InternRepair > InternRepair,286146,13.516666666666667,6.8,6.233333333333333,6.233333333333333,Medium,0.01327717145052304,low,152831,0,Internal Redo,MultipleRepair,0.2,0.0663858572526152,Normal
144,생활가전,Internal,ImmediateRepair,132880,195.73333333333332,2.0,192.95000000000002,192.95,High,0.029037548511652647,medium,123609,1,Immediate Repair,SingleRepair,0.6000000000000001,0.04839591418608774,Normal
146,IT/소형가전,Internal,InternRepair,127027,27.833333333333332,4.4,22.433333333333334,22.433333333333334,Low,0.003070393609266957,low,69934,0,Internal Repair,SingleRepair,0.2,0.015351968046334784,Normal
147,정밀/의료기기,Internal,InternRepair,1073016,77.26666666666667,3.6,72.85,72.85,Low,0.5352454394121472,high,914424,0,Internal Repair,SingleRepair,1.0000000000000002,0.5352454394121471,VIP
148,생활가전,Internal,InternRepair,149895,61.333333333333336,3.6,56.733333333333334,56.733333333333334,Medium,0.002763686688599515,low,67443,0,Internal Repair,SingleRepair,0.2,0.013818433442997574,Normal
149,대형가전,Internal,InternRepair,459539,338.8333333333333,3.6,317.78333333333336,317.78333333333336,Medium,0.18386347294182545,high,343656,1,Internal Repair,SingleRepair,1.0000000000000002,0.18386347294182542,Normal
150,IT/소형가전,Internal,InternRepair,168367,103.26666666666667,3.6,98.76666666666667,98.76666666666667,Low,0.005371618959437364,low,88624,0,Internal Repair,SingleRepair,0.2,0.026858094797186816,Normal
152,생활가전,Internal,InternRepair,118791,112.48333333333333,4.0,103.01666666666667,103.01666666666667,Low,0.0040423504265085395,low,77828,0,Internal Repair,SingleRepair,0.2,0.0202117521325427,Normal
153,생활가전,Internal,ImmediateRepair > InternRepair,145656,23.216666666666665,4.0,16.8,16.8,Medium,0.00620407399381415,low,95385,0,Internal Repair,MultipleRepair,0.2,0.031020369969070746,Normal
154,정밀/의료기기,Internal,InternRepair,1130177,65.1,4.4,59.56666666666667,59.56666666666667,Low,0.672187432280688,high,1136866,0,Internal Repair,SingleRepair,1.0000000000000002,0.6721874322806879,VIP
155,생활가전,Internal,ImmediateRepair > InternRepair,163282,18.733333333333334,6.55,14.416666666666668,11.466666666666667,Low,0.026009017749847332,medium,115410,0,Internal Repair,MultipleRepair,0.6000000000000001,0.04334836291641221,Normal
157,생활가전,Internal,InternRepair,156938,23.816666666666666,4.4,8.2,8.2,Medium,0.009321871121530309,low,120707,0,Internal Repair,SingleRepair,0.2,0.046609355607651545,Normal
158,IT/소형가전,Internal,InternRepair,119592,270.6,4.033333333333333,265.8666666666667,265.8666666666667,Low,0.0026511495045408884,low,66529,1,Internal Repair,SingleRepair,0.2,0.01325574752270444,Normal
160,생활가전,Internal,InternRepair > InternRepair,294553,156.78333333333333,44.75,111.65,111.65,Medium,0.017281352810228325,low,185352,0,Internal Redo,MultipleRepair,0.2,0.08640676405114163,Normal
161,생활가전,Internal,InternRepair,116841,13.833333333333334,3.6666666666666665,9.083333333333334,9.083333333333334,Low,0.023513868915112004,medium,108655,0,Internal Repair,SingleRepair,0.6000000000000001,0.039189781525186665,Normal
162,IT/소형가전,Internal,ImmediateRepair,212100,53.55,1.8,50.86666666666667,50.86666666666667,High,0.0047137566241799815,low,83281,0,Immediate Repair,SingleRepair,0.2,0.023568783120899904,Normal
163,IT/소형가전,External,InternRepair > ExternRepair,259910,152.13333333333333,8.4,138.01666666666668,138.01666666666668,Medium,0.003926981343945155,low,76891,0,External Repair,MultipleRepair,0.2,0.019634906719725773,Normal
164,대형가전,Internal,InternRepair,209321,123.55,4.0,118.68333333333332,118.68333333333334,Low,0.16406542424302126,high,311497,0,Internal Repair,SingleRepair,1.0000000000000002,0.16406542424302123,Normal
165,대형가전,Internal,ImmediateRepair,407589,80.95,1.8,78.39999999999999,78.4,High,0.2526589064439235,high,455404,0,Immediate Repair,SingleRepair,1.0000000000000002,0.25265890644392347,VIP
166,IT/소형가전,Internal,InternRepair,118936,10.983333333333333,4.8,5.4,5.4,Medium,0.0033511209393037966,low,72214,0,Internal Repair,SingleRepair,0.2,0.01675560469651898,Normal
167,생활가전,Internal,InternRepair,160349,20.0,4.0,5.533333333333333,5.533333333333333,Low,0.04257193022202085,medium,160250,0,Internal Repair,SingleRepair,0.6000000000000001,0.0709532170367014,Normal
168,IT/소형가전,Internal,ImmediateRepair,115308,150.68333333333334,2.2,144.16666666666669,144.16666666666666,Low,0.00482777132050196,low,84207,0,Immediate Repair,SingleRepair,0.2,0.0241388566025098,Normal
169,생활가전,Internal,ImmediateRepair,139109,13.183333333333334,1.8,10.583333333333332,10.583333333333334,Medium,0.03829564035381494,medium,148673,0,Immediate Repair,SingleRepair,0.6000000000000001,0.06382606725635823,Normal
170,IT/소형가전,Internal,InternRepair,107645,19.683333333333334,4.4,6.116666666666667,6.116666666666666,Low,0.003006368077855046,low,69414,0,Internal Repair,SingleRepair,0.2,0.015031840389275228,Normal
171,생활가전,Internal,ImmediateRepair,115463,145.23333333333332,2.2,141.98333333333332,141.98333333333332,Low,0.03623081696578082,medium,143083,0,Immediate Repair,SingleRepair,0.6000000000000001,0.060384694942968026,Normal
172,대형가전,External,ExternRepair,272595,165.83333333333334,5.4,159.63333333333333,159.63333333333333,Low,0.19884914107287094,high,367998,0,External Repair,SingleRepair,1.0000000000000002,0.19884914107287088,Normal
173,생활가전,Internal,ImmediateRepair,223079,152.81666666666666,2.0,149.73333333333332,149.73333333333332,Low,0.06925395480782491,medium,232485,0,Immediate Repair,SingleRepair,0.6000000000000001,0.1154232580130415,Normal
174,IT/소형가전,Internal,ImmediateRepair,118831,8.383333333333333,0.7,7.3,7.3,Low,0.0008632365398632811,low,52008,0,Immediate Repair,SingleRepair,0.2,0.004316182699316405,Normal
175,정밀/의료기기,External,ImmediateRepair > ExternRepair,1596056,86.11666666666666,4.0,74.56666666666666,74.56666666666666,Medium,0.4729904601958197,high,813300,0,External Repair,MultipleRepair,1.0000000000000002,0.4729904601958196,VIP
176,IT/소형가전,Internal,InternRepair,78549,10.633333333333333,3.6,6.4,6.4,Low,0.003274044049565611,low,71588,0,Internal Repair,SingleRepair,0.2,0.016370220247828055,Normal
177,IT/소형가전,Internal,ImmediateRepair,72268,178.08333333333334,2.0,175.2,175.2,Low,0.0027705817458284904,low,67499,1,Immediate Repair,SingleRepair,0.2,0.013852908729142452,Normal
178,생활가전,Internal,InternRepair,159632,15.633333333333333,2.8,1.3333333333333335,1.3333333333333333,Medium,0.05017557770729498,medium,180835,0,Internal Repair,SingleRepair,0.6000000000000001,0.08362596284549162,Normal
179,생활가전,External,InternRepair > ExternRepair,258813,282.53333333333336,6.966666666666667,274.9166666666667,274.9166666666667,Low,0.010325840704477849,low,128861,1,External Repair,MultipleRepair,0.2,0.05162920352238924,Normal
180,대형가전,External,ImmediateRepair > ExternRepair,757401,6.1,2.3,3.0166666666666666,3.0166666666666666,Medium,0.28246217568605825,high,503815,0,External Repair,MultipleRepair,1.0000000000000002,0.2824621756860582,VIP
181,대형가전,Internal,InternRepair,508025,224.83333333333334,3.6,211.23333333333332,211.23333333333332,Low,0.22087946454955582,high,403783,1,Internal Repair,SingleRepair,1.0000000000000002,0.22087946454955576,VIP
182,생활가전,External,ExternRepair,269108,53.46666666666667,7.2,45.11666666666667,45.11666666666667,Low,0.029124844861212352,low,281542,0,External Repair,SingleRepair,0.2,0.14562422430606176,Normal
183,정밀/의료기기,Internal,InternRepair,608353,114.9,3.6,110.7,110.7,Low,0.41274243513721176,high,715436,0,Internal Repair,SingleRepair,1.0000000000000002,0.41274243513721165,VIP
184,IT/소형가전,Internal,ImmediateRepair,106844,68.48333333333333,2.2,57.25,57.25,Low,0.0036080849471050616,low,74301,0,Immediate Repair,SingleRepair,0.2,0.018040424735525307,Normal
185,생활가전,Internal,InternRepair,122428,129.08333333333334,3.6,111.38333333333333,111.38333333333334,Low,0.028488283327751628,medium,122122,0,Internal Repair,SingleRepair,0.6000000000000001,0.04748047221291937,Normal
186,IT/소형가전,Internal,InternRepair,131808,51.7,4.4,46.583333333333336,46.583333333333336,High,0.003941263962490889,low,77007,0,Internal Repair,SingleRepair,0.2,0.019706319812454444,Normal
187,정밀/의료기기,Internal,InternRepair,730712,36.96666666666667,3.6,32.333333333333336,32.333333333333336,Medium,0.43797218829416296,high,756418,0,Internal Repair,SingleRepair,1.0000000000000002,0.43797218829416285,VIP
188,IT/소형가전,Internal,ImmediateRepair,120893,20.433333333333334,2.0,17.8,17.8,Medium,0.0037131114438249836,low,75154,0,Immediate Repair,SingleRepair,0.2,0.018565557219124916,Normal
189,IT/소형가전,Internal,InternRepair,81596,242.3,4.4,237.11666666666665,237.11666666666667,Low,0.0006272039557928329,low,50091,1,Internal Repair,SingleRepair,0.2,0.0031360197789641643,Normal
190,생활가전,Internal,InternRepair,175703,149.68333333333334,3.6666666666666665,145.46666666666667,145.46666666666667,Low,0.005377282756446879,low,88670,0,Internal Repair,SingleRepair,0.2,0.026886413782234393,Normal
191,정밀/의료기기,Internal,ImmediateRepair,455198,11.3,2.2,8.266666666666666,8.266666666666667,Medium,0.43783490277969317,high,756195,0,Immediate Repair,SingleRepair,1.0000000000000002,0.43783490277969306,VIP
192,대형가전,Internal,ImmediateRepair,367183,11.066666666666666,2.2,8.066666666666666,8.066666666666666,Medium,0.2503995439412148,high,451734,0,Immediate Repair,SingleRepair,1.0000000000000002,0.2503995439412147,VIP
193,대형가전,Internal,InternRepair > InternRepair,554928,68.33333333333333,8.683333333333334,58.88333333333333,58.88333333333333,Medium,0.22227386674809407,high,406048,0,Internal Redo,MultipleRepair,1.0000000000000002,0.22227386674809402,VIP
194,대형가전,Internal,ImmediateRepair,683657,113.55,2.2,110.46666666666667,110.46666666666667,Low,0.3109529215342488,high,550094,0,Immediate Repair,SingleRepair,1.0000000000000002,0.31095292153424875,VIP
195,정밀/의료기기,External,ExternRepair,625716,78.13333333333334,6.0,71.23333333333332,71.23333333333333,High,0.3860099288824098,high,672013,0,External Repair,SingleRepair,1.0000000000000002,0.3860099288824097,VIP
197,생활가전,Internal,ImmediateRepair,174491,12.916666666666666,1.8,10.0,10.0,High,0.05178126415949253,medium,185182,0,Immediate Repair,SingleRepair,0.6000000000000001,0.08630210693248754,Normal
198,생활가전,External,ExternRepair,269327,13.233333333333333,9.6,3.216666666666667,3.216666666666667,Low,0.01377607809144816,low,156883,0,External Repair,SingleRepair,0.2,0.0688803904572408,Normal
199,대형가전,Internal,InternRepair,318726,12.983333333333333,4.8,6.050000000000001,6.05,Medium,0.25819588365083435,high,464398,0,Internal Repair,SingleRepair,1.0000000000000002,0.2581958836508343,VIP
200,생활가전,Internal,ImmediateRepair,171984,63.8,2.2,60.56666666666666,60.56666666666667,Medium,0.04002100529934399,medium,153344,0,Immediate Repair,SingleRepair,0.6000000000000001,0.06670167549890664,Normal
202,생활가전,Internal,InternRepair,233005,337.93333333333334,4.4,332.40000000000003,332.4,Low,0.009853036780205278,low,125021,1,Internal Repair,SingleRepair,0.2,0.04926518390102638,Normal
203,IT/소형가전,Internal,InternRepair,122455,202.71666666666667,4.0,198.28333333333333,198.28333333333333,Medium,0.003236613738894033,low,71284,1,Internal Repair,SingleRepair,0.2,0.016183068694470164,Normal
204,대형가전,Internal,InternRepair,243740,269.1166666666667,4.4,264.05,264.05,Medium,0.14421689387521922,high,279256,1,Internal Repair,SingleRepair,1.0000000000000002,0.1442168938752192,Normal
205,IT/소형가전,Internal,ImmediateRepair,106743,125.7,2.0,122.61666666666666,122.61666666666666,High,0.0037585449459230508,low,75523,0,Immediate Repair,SingleRepair,0.2,0.018792724729615254,Normal
206,정밀/의료기기,Internal,InternRepair,1112924,256.43333333333334,3.3,252.4333333333333,252.43333333333334,High,0.42882146234313756,high,741554,1,Internal Repair,SingleRepair,1.0000000000000002,0.42882146234313745,VIP
207,IT/소형가전,External,ImmediateRepair > ExternRepair,207737,22.833333333333332,4.0,17.95,17.95,Low,0.001764888398573708,low,59331,0,External Repair,MultipleRepair,0.2,0.00882444199286854,Normal
208,IT/소형가전,Internal,InternRepair,94637,42.916666666666664,4.0,38.199999999999996,38.2,Low,0.003965396662792302,low,77203,0,Internal Repair,SingleRepair,0.2,0.01982698331396151,Normal
209,대형가전,Internal,InternRepair,355782,303.3,4.4,298.26666666666665,298.26666666666665,Medium,0.18303052540336087,high,342303,1,Internal Repair,SingleRepair,1.0000000000000002,0.18303052540336084,Normal
210,IT/소형가전,Internal,ImmediateRepair,146874,147.46666666666667,1.8,144.86666666666667,144.86666666666667,Low,0.003314921888851677,low,71920,0,Immediate Repair,SingleRepair,0.2,0.016574609444258384,Normal
211,IT/소형가전,Internal,ImmediateRepair,119362,37.6,1.8,34.66666666666667,34.666666666666664,Low,0.003980171785425819,low,77323,0,Immediate Repair,SingleRepair,0.2,0.019900858927129096,Normal
212,생활가전,Internal,InternRepair,209657,345.85,4.0,335.56666666666666,335.56666666666666,High,0.04321132365398634,medium,161981,1,Internal Repair,SingleRepair,0.6000000000000001,0.07201887275664388,Normal
214,대형가전,Internal,ImmediateRepair,470692,31.966666666666665,2.2,28.866666666666667,28.866666666666667,Low,0.27812937097377916,high,496777,0,Immediate Repair,SingleRepair,1.0000000000000002,0.2781293709737791,VIP
215,IT/소형가전,Internal,ImmediateRepair,198037,161.91666666666666,2.0,159.21666666666667,159.21666666666667,Low,0.00615531608912354,low,94989,0,Immediate Repair,SingleRepair,0.2,0.0307765804456177,Normal
216,생활가전,Internal,InternRepair,223942,38.266666666666666,4.0,33.88333333333333,33.88333333333333,Medium,0.016383764110242116,low,178062,0,Internal Repair,SingleRepair,0.2,0.08191882055121058,Normal
217,생활가전,Internal,ImmediateRepair,186722,8.816666666666666,1.2,6.8,6.8,Low,0.040351229290203114,medium,154238,0,Immediate Repair,SingleRepair,0.6000000000000001,0.06725204881700518,Normal
218,정밀/의료기기,External,ExternRepair,768752,78.7,9.0,68.73333333333333,68.73333333333333,Medium,0.33956925592482423,high,596577,0,External Repair,SingleRepair,1.0000000000000002,0.3395692559248242,VIP
219,생활가전,Internal,InternRepair,151580,77.28333333333333,4.4,72.33333333333333,72.33333333333333,High,0.053283524753255464,medium,189249,0,Internal Repair,SingleRepair,0.6000000000000001,0.08880587458875909,Normal
220,IT/소형가전,Internal,InternRepair,103886,321.25,4.0,316.75,316.75,Low,0.0015277476803057467,low,57405,1,Internal Repair,SingleRepair,0.2,0.007638738401528733,Normal
221,IT/소형가전,Internal,ImmediateRepair,153610,11.0,2.2,7.716666666666667,7.716666666666667,Low,0.0026291099466125567,low,66350,0,Immediate Repair,SingleRepair,0.2,0.013145549733062784,Normal
222,IT/소형가전,Internal,ImmediateRepair,59074,112.88333333333334,2.0,110.0,110.0,Low,0.002658660191879593,low,66590,0,Immediate Repair,SingleRepair,0.2,0.013293300959397965,Normal
224,IT/소형가전,Internal,InternRepair,111259,73.25,4.4,33.9,33.9,High,0.004174464648056579,low,78901,0,Internal Repair,SingleRepair,0.2,0.020872323240282896,Normal
225,대형가전,Internal,InternRepair,239192,237.4,3.3,233.01666666666668,233.01666666666668,Low,0.16494392840960584,high,312924,1,Internal Repair,SingleRepair,1.0000000000000002,0.1649439284096058,Normal
226,IT/소형가전,Internal,ImmediateRepair,127659,108.05,2.2,105.13333333333334,105.13333333333334,Medium,0.004127307381651267,low,78518,0,Immediate Repair,SingleRepair,0.2,0.020636536908256335,Normal
227,생활가전,Internal,InternRepair,226276,148.46666666666667,4.0,143.4,143.4,Low,0.06389686471897717,medium,217982,0,Internal Repair,SingleRepair,0.6000000000000001,0.1064947745316286,Normal
228,대형가전,Internal,InternRepair,415682,9.8,3.6,5.466666666666667,5.466666666666667,Medium,0.2525905715017435,high,455293,0,Internal Repair,SingleRepair,1.0000000000000002,0.25259057150174347,VIP
229,생활가전,External,ImmediateRepair > ExternRepair,308445,69.28333333333333,3.6,64.65,64.65,High,0.03317569098323517,medium,134812,0,External Repair,MultipleRepair,0.6000000000000001,0.05529281830539194,Normal
231,IT/소형가전,Internal,InternRepair,86482,58.3,4.0,53.33333333333333,53.333333333333336,Low,0.0018994651405606661,low,60424,0,Internal Repair,SingleRepair,0.2,0.00949732570280333,Normal
232,대형가전,Internal,ImmediateRepair,440461,85.0,2.0,64.7,64.7,High,0.1502722316345226,high,289092,0,Immediate Repair,SingleRepair,1.0000000000000002,0.15027223163452258,Normal
233,대형가전,External,InternRepair > ExternRepair,402161,32.95,7.333333333333333,24.583333333333336,24.583333333333332,Low,0.18669290892614412,high,348252,0,External Repair,MultipleRepair,1.0000000000000002,0.1866929089261441,Normal
234,대형가전,Internal,InternRepair,360651,296.05,4.033333333333333,290.8833333333333,290.8833333333333,Medium,0.22618373357498872,high,412399,1,Internal Repair,SingleRepair,1.0000000000000002,0.22618373357498867,VIP
235,IT/소형가전,Internal,ImmediateRepair,89520,286.26666666666665,2.2,283.34999999999997,283.35,Medium,0.003309627469908,low,71877,1,Immediate Repair,SingleRepair,0.2,0.01654813734954,Normal
236,IT/소형가전,External,ExternRepair,241234,214.26666666666668,8.4,204.96666666666667,204.96666666666667,Low,0.01808942889225981,low,191915,1,External Repair,SingleRepair,0.2,0.09044714446129903,Normal
237,대형가전,Internal,ImmediateRepair,188244,196.38333333333333,2.0,193.41666666666669,193.41666666666666,Low,0.11347109493508799,high,229314,1,Immediate Repair,SingleRepair,1.0000000000000002,0.11347109493508796,Normal
238,생활가전,Internal,InternRepair,301057,10.483333333333333,4.0,5.7666666666666675,5.766666666666667,Medium,0.016036056224266664,low,175238,0,Internal Repair,SingleRepair,0.2,0.08018028112133331,Normal
239,IT/소형가전,Internal,ImmediateRepair,110966,35.4,2.2,32.46666666666667,32.46666666666667,Low,0.004676818817596186,low,82981,0,Immediate Repair,SingleRepair,0.2,0.02338409408798093,Normal
240,생활가전,Internal,ImmediateRepair,195239,34.0,1.8,31.133333333333333,31.133333333333333,Medium,0.005867324323791888,low,92650,0,Immediate Repair,SingleRepair,0.2,0.02933662161895944,Normal
241,대형가전,Internal,InternRepair > InternRepair,502564,132.83333333333334,23.766666666666666,108.0,108.0,High,0.20115590709402892,high,371745,0,Internal Redo,MultipleRepair,1.0000000000000002,0.20115590709402886,Normal
242,정밀/의료기기,Internal,ImmediateRepair,522056,31.9,2.2,29.1,29.1,Low,0.26068426055436267,high,468440,0,Immediate Repair,SingleRepair,1.0000000000000002,0.2606842605543626,VIP
243,IT/소형가전,Internal,InternRepair,136408,48.95,4.4,44.03333333333333,44.03333333333333,Low,0.005753679005535747,low,91727,0,Internal Repair,SingleRepair,0.2,0.02876839502767873,Normal
244,정밀/의료기기,Internal,InternRepair,775493,158.18333333333334,3.6,146.55,146.55,Low,0.5846048147199623,high,994601,0,Internal Repair,SingleRepair,1.0000000000000002,0.5846048147199622,VIP
245,IT/소형가전,Internal,InternRepair,93708,53.266666666666666,3.3,36.93333333333333,36.93333333333333,Low,0.004000733831090799,low,77490,0,Internal Repair,SingleRepair,0.2,0.02000366915545399,Normal
246,생활가전,Internal,ImmediateRepair,104339,14.766666666666667,1.8,12.183333333333334,12.183333333333334,Low,0.035439609148755935,medium,140941,0,Immediate Repair,SingleRepair,0.6000000000000001,0.059066015247926554,Normal
247,대형가전,Internal,InternRepair,314292,8.016666666666667,3.3,3.9833333333333334,3.9833333333333334,Medium,0.2788496582021631,high,497947,0,Internal Repair,SingleRepair,1.0000000000000002,0.27884965820216306,VIP
248,IT/소형가전,Internal,InternRepair,113606,27.95,3.6,20.75,20.75,Low,0.004881700518114301,low,84645,0,Internal Repair,SingleRepair,0.2,0.0244085025905715,Normal
249,IT/소형가전,Internal,ImmediateRepair,91465,32.016666666666666,2.2,28.866666666666667,28.866666666666667,Medium,0.00484217706506964,low,84324,0,Immediate Repair,SingleRepair,0.2,0.0242108853253482,Normal
250,IT/소형가전,Internal,ImmediateRepair,94649,243.35,1.8,240.85,240.85,Low,0.003639851460767124,low,74559,1,Immediate Repair,SingleRepair,0.2,0.01819925730383562,Normal
251,정밀/의료기기,Internal,InternRepair,1130461,242.56666666666666,4.033333333333333,238.01666666666668,238.01666666666668,Medium,0.48891927365497145,high,839174,1,Internal Repair,SingleRepair,1.0000000000000002,0.48891927365497134,VIP
252,생활가전,Internal,InternRepair,147243,17.1,3.2,7.783333333333333,7.783333333333333,Low,0.03278599712377613,medium,133757,0,Internal Repair,SingleRepair,0.6000000000000001,0.054643328539626876,Normal
253,정밀/의료기기,Internal,InternRepair,937275,30.65,4.4,25.683333333333334,25.683333333333334,High,0.7733970223202855,high,1301266,0,Internal Repair,SingleRepair,1.0000000000000002,0.7733970223202853,VIP
254,대형가전,Internal,ImmediateRepair,551027,62.766666666666666,2.2,59.599999999999994,59.6,Medium,0.19971533263726093,high,369405,0,Immediate Repair,SingleRepair,1.0000000000000002,0.19971533263726088,Normal
255,생활가전,Internal,ImmediateRepair,129409,21.933333333333334,1.8,19.266666666666666,19.266666666666666,Low,0.0061353696735682904,low,94827,0,Immediate Repair,SingleRepair,0.2,0.03067684836784145,Normal
256,생활가전,Internal,ImmediateRepair,196870,56.2,2.2,46.8,46.8,High,0.0385084021197376,medium,149249,0,Immediate Repair,SingleRepair,0.6000000000000001,0.06418067019956265,Normal
257,IT/소형가전,Internal,InternRepair,95040,37.68333333333333,3.6,33.21666666666667,33.21666666666667,Low,0.003044537144658301,low,69724,0,Internal Repair,SingleRepair,0.2,0.015222685723291503,Normal
258,IT/소형가전,Internal,InternRepair,109439,361.2,3.6666666666666665,357.09999999999997,357.1,Low,0.00197321762770631,low,61023,1,Internal Repair,SingleRepair,0.2,0.00986608813853155,Normal
259,대형가전,Internal,InternRepair,459969,386.01666666666665,3.3,382.1333333333333,382.1333333333333,High,0.2598740913299581,high,467124,1,Internal Repair,SingleRepair,1.0000000000000002,0.25987409132995803,VIP
260,생활가전,Internal,ImmediateRepair,176415,170.01666666666668,2.2,166.79999999999998,166.8,Low,0.04866629893028113,medium,176749,1,Immediate Repair,SingleRepair,0.6000000000000001,0.0811104982171352,Normal
261,IT/소형가전,Internal,ImmediateRepair,86989,27.133333333333333,2.0,21.016666666666666,21.016666666666666,Low,0.001769690313429602,low,59370,0,Immediate Repair,SingleRepair,0.2,0.00884845156714801,Normal
262,생활가전,Internal,ImmediateRepair,184037,220.63333333333333,1.8,217.9,217.9,Medium,0.03654774334626978,medium,143941,1,Immediate Repair,SingleRepair,0.6000000000000001,0.06091290557711629,Normal
263,대형가전,Internal,InternRepair,297439,179.96666666666667,4.4,174.6,174.6,Low,0.12269754338961016,high,244301,1,Internal Repair,SingleRepair,1.0000000000000002,0.12269754338961013,Normal
264,대형가전,Internal,ImmediateRepair,270325,53.9,1.8,51.31666666666666,51.31666666666667,Low,0.1271725586572369,high,251570,0,Immediate Repair,SingleRepair,1.0000000000000002,0.12717255865723687,Normal
265,대형가전,Internal,InternRepair,427711,77.68333333333334,3.6666666666666665,73.61666666666667,73.61666666666666,High,0.2574749807923406,high,463227,0,Internal Repair,SingleRepair,1.0000000000000002,0.25747498079234055,VIP
266,IT/소형가전,Internal,ImmediateRepair,128752,17.466666666666665,1.8,15.05,15.05,Low,0.004069191899292764,low,78046,0,Immediate Repair,SingleRepair,0.2,0.020345959496463818,Normal
267,생활가전,Internal,InternRepair,256116,149.53333333333333,4.4,144.03333333333333,144.03333333333333,Medium,0.007397288272492661,low,105076,0,Internal Repair,SingleRepair,0.2,0.036986441362463304,Normal
268,IT/소형가전,Internal,ImmediateRepair,213682,133.13333333333333,2.2,130.08333333333334,130.08333333333334,High,0.0030747030200350663,low,69969,0,Immediate Repair,SingleRepair,0.2,0.01537351510017533,Normal
269,대형가전,Internal,InternRepair,188196,319.6666666666667,4.4,314.65,314.65,Medium,0.1109993400445224,high,225299,1,Internal Repair,SingleRepair,1.0000000000000002,0.11099934004452237,Normal
270,대형가전,Internal,ImmediateRepair,285737,122.95,2.0,119.85000000000001,119.85,High,0.16179067098756925,high,307802,0,Immediate Repair,SingleRepair,1.0000000000000002,0.16179067098756922,Normal
271,생활가전,Internal,ImmediateRepair,146303,23.25,2.2,20.0,20.0,Medium,0.0058223833257816035,low,92285,0,Immediate Repair,SingleRepair,0.2,0.029111916628908018,Normal
272,IT/소형가전,Internal,ImmediateRepair,131805,15.933333333333334,2.0,13.083333333333334,13.083333333333334,High,0.00663033628179114,low,98847,0,Immediate Repair,SingleRepair,0.2,0.0331516814089557,Normal
273,IT/소형가전,Internal,ImmediateRepair,122702,168.43333333333334,1.8,165.85,165.85,Low,0.003983249935974468,low,77348,1,Immediate Repair,SingleRepair,0.2,0.019916249679872343,Normal
274,생활가전,Internal,ImmediateRepair,157303,74.9,1.8,72.14999999999999,72.15,Low,0.05717787770138493,medium,199792,0,Immediate Repair,SingleRepair,0.6000000000000001,0.09529646283564154,Normal
275,대형가전,Internal,ImmediateRepair,226872,136.13333333333333,2.2,130.20000000000002,130.2,Medium,0.10400762888831981,high,213942,0,Immediate Repair,SingleRepair,1.0000000000000002,0.10400762888831978,Normal
276,IT/소형가전,Internal,ImmediateRepair,77089,31.5,2.0,13.5,13.5,Medium,0.0037632237347569987,low,75561,0,Immediate Repair,SingleRepair,0.2,0.018816118673784993,Normal
277,IT/소형가전,Internal,ImmediateRepair,125276,76.4,2.0,40.78333333333333,40.78333333333333,Low,0.002223655956344438,low,63057,0,Immediate Repair,SingleRepair,0.2,0.011118279781722189,Normal
278,생활가전,Internal,InternRepair,166694,203.5,3.6,199.45000000000002,199.45,Medium,0.027054357676168716,medium,118240,1,Internal Repair,SingleRepair,0.6000000000000001,0.04509059612694785,Normal
279,IT/소형가전,Internal,InternRepair,115829,32.733333333333334,4.4,27.333333333333336,27.333333333333332,Low,0.005779042966056619,low,91933,0,Internal Repair,SingleRepair,0.2,0.028895214830283095,Normal
280,대형가전,Internal,InternRepair,408053,243.65,4.0,237.91666666666666,237.91666666666666,High,0.24180350071905604,high,437771,1,Internal Repair,SingleRepair,1.0000000000000002,0.24180350071905599,VIP
282,IT/소형가전,Internal,ImmediateRepair,189307,233.86666666666667,1.8,225.89999999999998,225.9,Low,0.0031446386005003837,low,70537,1,Immediate Repair,SingleRepair,0.2,0.01572319300250192,Normal
283,IT/소형가전,Internal,InternRepair,111646,13.333333333333334,3.2,9.266666666666666,9.266666666666667,Low,0.004145037528811489,low,78662,0,Internal Repair,SingleRepair,0.2,0.020725187644057445,Normal
284,정밀/의료기기,Internal,InternRepair,1064359,95.46666666666667,4.0,79.89999999999999,79.9,Low,0.614531209984043,high,1043212,0,Internal Repair,SingleRepair,1.0000000000000002,0.6145312099840429,VIP
285,IT/소형가전,External,ExternRepair,192695,108.28333333333333,5.4,101.65,101.65,Low,0.015750034475286147,low,172915,0,External Repair,SingleRepair,0.2,0.07875017237643073,Normal
286,IT/소형가전,Internal,ImmediateRepair > InternRepair,124266,140.76666666666668,4.233333333333333,135.85,135.81666666666666,Low,0.0036138718701365217,low,74348,0,Internal Repair,MultipleRepair,0.2,0.018069359350682608,Normal
287,IT/소형가전,Internal,ImmediateRepair,129413,50.483333333333334,2.2,46.36666666666667,46.36666666666667,Low,0.0035840753728255945,low,74106,0,Immediate Repair,SingleRepair,0.2,0.017920376864127972,Normal
288,IT/소형가전,Internal,InternRepair,102381,228.3,4.4,222.98333333333335,222.98333333333332,Low,0.0018764405744567684,low,60237,1,Internal Repair,SingleRepair,0.2,0.009382202872283842,Normal
289,IT/소형가전,Internal,ImmediateRepair,104126,135.2,1.8,132.46666666666667,132.46666666666667,Low,0.0031091783061799414,low,70249,0,Immediate Repair,SingleRepair,0.2,0.015545891530899705,Normal
290,IT/소형가전,Internal,ImmediateRepair,89159,32.06666666666667,2.2,28.866666666666667,28.866666666666667,Low,0.002587123973128977,low,66009,0,Immediate Repair,SingleRepair,0.2,0.012935619865644885,Normal
291,IT/소형가전,Internal,InternRepair,118930,209.25,4.0,204.41666666666666,204.41666666666666,Low,0.004337606627135006,low,80226,1,Internal Repair,SingleRepair,0.2,0.02168803313567503,Normal
292,IT/소형가전,Internal,ImmediateRepair,103135,7.116666666666666,1.2,5.550000000000001,5.55,Low,0.00567019956265637,low,91049,0,Immediate Repair,SingleRepair,0.2,0.028350997813281847,Normal
293,생활가전,Internal,InternRepair,195333,85.0,4.033333333333333,72.96666666666667,72.96666666666667,Low,0.05373342723744608,medium,190467,0,Internal Repair,SingleRepair,0.6000000000000001,0.08955571206241011,Normal
294,대형가전,Internal,InternRepair,391173,183.45,3.3,179.15,179.15,Low,0.16950882567325312,high,320339,1,Internal Repair,SingleRepair,1.0000000000000002,0.1695088256732531,Normal
295,생활가전,Internal,InternRepair,209916,53.81666666666667,3.6,49.43333333333334,49.43333333333333,Low,0.015485313528102285,low,170765,0,Internal Repair,SingleRepair,0.2,0.07742656764051142,Normal
297,IT/소형가전,Internal,ImmediateRepair,90084,8.166666666666666,2.2,5.050000000000001,5.05,Low,0.0016363448316621025,low,58287,0,Immediate Repair,SingleRepair,0.2,0.008181724158310512,Normal
298,생활가전,External,ImmediateRepair > ExternRepair,213811,25.45,4.2,20.166666666666664,20.166666666666668,Medium,0.03146583991647131,medium,130183,0,External Repair,MultipleRepair,0.6000000000000001,0.052443066527452176,Normal
300,정밀/의료기기,Internal,InternRepair > InternRepair,561377,78.3,31.383333333333333,30.5,30.5,High,0.31113391678650937,high,550388,0,Internal Redo,MultipleRepair,1.0000000000000002,0.3111339167865093,VIP
301,정밀/의료기기,Internal,InternRepair,750717,294.81666666666666,4.033333333333333,290.18333333333334,290.18333333333334,High,0.417086321191466,high,722492,1,Internal Repair,SingleRepair,1.0000000000000002,0.4170863211914659,VIP
302,IT/소형가전,Internal,ImmediateRepair,147390,12.766666666666667,1.8,10.166666666666666,10.166666666666666,Low,0.0027437402730442666,low,67281,0,Immediate Repair,SingleRepair,0.2,0.013718701365221332,Normal
303,IT/소형가전,Internal,InternRepair,169718,378.73333333333335,3.6666666666666665,374.7,374.7,Medium,0.0028705600756486274,low,68311,1,Internal Repair,SingleRepair,0.2,0.014352800378243137,Normal
304,IT/소형가전,Internal,ImmediateRepair,160097,193.01666666666668,2.2,185.46666666666667,185.46666666666667,Low,0.004204876775477237,low,79148,1,Immediate Repair,SingleRepair,0.2,0.021024383877386185,Normal
305,IT/소형가전,Internal,ImmediateRepair,97955,8.916666666666666,1.0,7.266666666666667,7.266666666666667,Medium,0.0016924902976694703,low,58743,0,Immediate Repair,SingleRepair,0.2,0.008462451488347351,Normal
306,생활가전,Internal,InternRepair,154778,187.13333333333333,4.4,181.81666666666666,181.81666666666666,Medium,0.04892523295443353,medium,177450,1,Internal Repair,SingleRepair,0.6000000000000001,0.08154205492405588,Normal
307,IT/소형가전,Internal,ImmediateRepair,95282,76.15,2.2,52.66666666666667,52.666666666666664,Medium,0.00222143968794941,low,63039,0,Immediate Repair,SingleRepair,0.2,0.01110719843974705,Normal
308,IT/소형가전,Internal,InternRepair,100522,277.1333333333333,3.6,272.6333333333333,272.6333333333333,High,0.0033432408738992532,low,72150,1,Internal Repair,SingleRepair,0.2,0.016716204369496265,Normal
309,IT/소형가전,Internal,ImmediateRepair,103515,115.83333333333333,2.2,112.91666666666666,112.91666666666667,Medium,0.0036839305766237854,low,74917,0,Immediate Repair,SingleRepair,0.2,0.018419652883118927,Normal
310,생활가전,Internal,InternRepair,188988,90.35,3.6,86.11666666666666,86.11666666666666,Medium,0.046669810484427025,medium,171344,0,Internal Repair,SingleRepair,0.6000000000000001,0.07778301747404504,Normal
311,IT/소형가전,Internal,ImmediateRepair,81930,159.01666666666668,2.2,127.35000000000001,127.35,High,0.0013808583361241897,low,56212,0,Immediate Repair,SingleRepair,0.2,0.006904291680620948,Normal
313,대형가전,Internal,ImmediateRepair,526420,17.2,2.2,14.316666666666666,14.316666666666666,Medium,0.22330320029156248,high,407720,0,Immediate Repair,SingleRepair,1.0000000000000002,0.22330320029156242,VIP
314,IT/소형가전,Internal,ImmediateRepair,113357,86.58333333333333,1.8,77.35,77.35,High,0.0034658743917574523,low,73146,0,Immediate Repair,SingleRepair,0.2,0.01732937195878726,Normal
315,정밀/의료기기,Internal,InternRepair,1051647,92.88333333333334,4.0,88.01666666666667,88.01666666666667,Low,0.8022805401784837,high,1348183,0,Internal Repair,SingleRepair,1.0000000000000002,0.8022805401784835,VIP
316,IT/소형가전,Internal,InternRepair,104387,90.31666666666666,4.0,85.7,85.7,High,0.003813089773645122,low,75966,0,Internal Repair,SingleRepair,0.2,0.019065448868225608,Normal
317,대형가전,Internal,InternRepair,466915,25.65,3.6,21.133333333333333,21.133333333333333,High,0.32077837808553816,high,566054,0,Internal Repair,SingleRepair,1.0000000000000002,0.3207783780855381,VIP
318,정밀/의료기기,Internal,InternRepair > InternRepair,661493,108.93333333333334,19.25,80.80000000000001,80.8,Low,0.31850978113118344,high,562369,0,Internal Redo,MultipleRepair,1.0000000000000002,0.3185097811311834,VIP
319,정밀/의료기기,Internal,InternRepair,828652,258.01666666666665,4.4,248.85000000000002,248.85,Medium,0.5827117521325428,high,991526,1,Internal Repair,SingleRepair,1.0000000000000002,0.5827117521325427,VIP
320,대형가전,Internal,InternRepair,282741,12.45,4.4,7.233333333333333,7.233333333333333,Low,0.25097146431315387,high,452663,0,Internal Repair,SingleRepair,1.0000000000000002,0.2509714643131538,VIP
321,대형가전,Internal,InternRepair,227755,26.55,4.4,21.03333333333333,21.033333333333335,High,0.1710146569216525,high,322785,0,Internal Repair,SingleRepair,1.0000000000000002,0.17101465692165246,Normal
322,생활가전,Internal,ImmediateRepair,141826,89.18333333333334,2.0,86.35,86.35,Medium,0.03178239691889443,medium,131040,0,Immediate Repair,SingleRepair,0.6000000000000001,0.052970661531490715,Normal
323,대형가전,Internal,InternRepair,195780,11.733333333333333,4.0,7.366666666666666,7.366666666666666,Medium,0.10840384350190109,high,221083,0,Internal Repair,SingleRepair,1.0000000000000002,0.10840384350190106,Normal
324,IT/소형가전,Internal,InternRepair,92022,220.58333333333334,4.4,215.14999999999998,215.15,Medium,0.0040151395756584775,low,77607,1,Internal Repair,SingleRepair,0.2,0.020075697878292387,Normal
325,생활가전,Internal,InternRepair > InternRepair,279352,42.06666666666667,13.216666666666667,27.85,27.85,Low,0.047484289119599704,medium,173549,0,Internal Redo,MultipleRepair,0.6000000000000001,0.07914048186599949,Normal
326,생활가전,Internal,InternRepair,172329,265.3666666666667,3.3,252.13333333333333,252.13333333333333,Low,0.0553524113000138,medium,194850,1,Internal Repair,SingleRepair,0.6000000000000001,0.09225401883335632,Normal
327,대형가전,Internal,ImmediateRepair,317033,7.8,2.0,4.95,4.95,Medium,0.1484708979334529,high,286166,0,Immediate Repair,SingleRepair,1.0000000000000002,0.14847089793345286,Normal
328,생활가전,Internal,InternRepair,112490,68.61666666666666,4.4,63.733333333333334,63.733333333333334,Low,0.007954064143732393,low,109598,0,Internal Repair,SingleRepair,0.2,0.03977032071866196,Normal
329,생활가전,Internal,InternRepair,176501,10.4,3.2,3.8833333333333333,3.8833333333333333,Low,0.011704729024250902,low,140060,0,Internal Repair,SingleRepair,0.2,0.058523645121254506,Normal
330,생활가전,Internal,ImmediateRepair,184785,27.016666666666666,2.0,24.15,24.15,Low,0.0437025964815508,medium,163311,0,Immediate Repair,SingleRepair,0.6000000000000001,0.07283766080258466,Normal
331,IT/소형가전,Internal,ImmediateRepair,126276,55.93333333333333,1.8,51.03333333333334,51.03333333333333,Low,0.004775565887196864,low,83783,0,Immediate Repair,SingleRepair,0.2,0.02387782943598432,Normal
332,IT/소형가전,Internal,InternRepair,133058,54.9,3.6,45.93333333333333,45.93333333333333,Medium,0.004587798703729241,low,82258,0,Internal Repair,SingleRepair,0.2,0.022938993518646207,Normal
333,생활가전,Internal,ImmediateRepair,179919,128.1,2.0,123.11666666666667,123.11666666666666,High,0.013103563759579204,low,151421,0,Immediate Repair,SingleRepair,0.2,0.06551781879789602,Normal
334,생활가전,Internal,InternRepair,247387,245.86666666666667,3.6666666666666665,241.16666666666666,241.16666666666666,Low,0.01914818955497331,low,200514,1,Internal Repair,SingleRepair,0.2,0.09574094777486654,Normal
335,IT/소형가전,Internal,InternRepair,120682,135.23333333333332,3.6666666666666665,130.83333333333331,130.83333333333334,High,0.006055460885325348,low,94178,0,Internal Repair,SingleRepair,0.2,0.03027730442662674,Normal
336,생활가전,External,ImmediateRepair > ExternRepair,270484,20.316666666666666,3.6,15.866666666666665,15.866666666666667,Low,0.009178306179941293,low,119541,0,External Repair,MultipleRepair,0.2,0.04589153089970646,Normal
337,생활가전,External,ExternRepair,215657,15.05,8.8,5.516666666666667,5.516666666666667,Low,0.013257963791099468,low,152675,0,External Repair,SingleRepair,0.2,0.06628981895549733,Normal
338,생활가전,External,InternRepair > ExternRepair,244817,163.75,8.0,155.23333333333332,155.23333333333332,Medium,0.006441337838104057,low,97312,0,External Repair,MultipleRepair,0.2,0.032206689190520284,Normal
339,IT/소형가전,Internal,ImmediateRepair,111990,11.233333333333333,0.7,3.75,3.75,Medium,0.0033333907921435746,low,72070,0,Immediate Repair,SingleRepair,0.2,0.01666695396071787,Normal
340,대형가전,Internal,InternRepair,318287,197.66666666666666,4.033333333333333,192.6,192.6,Low,0.1386725291069916,high,270250,1,Internal Repair,SingleRepair,1.0000000000000002,0.13867252910699157,Normal
341,IT/소형가전,Internal,InternRepair,101356,20.8,4.0,15.933333333333334,15.933333333333334,Medium,0.0013855371249581376,low,56250,0,Internal Repair,SingleRepair,0.2,0.006927685624790687,Normal
342,대형가전,Internal,ImmediateRepair,554046,19.933333333333334,1.8,6.2333333333333325,6.233333333333333,Low,0.2798783761155218,high,499618,0,Immediate Repair,SingleRepair,1.0000000000000002,0.27987837611552174,VIP
343,정밀/의료기기,Internal,InternRepair,721649,47.05,4.4,41.75,41.75,Medium,0.4048568290616813,high,702627,0,Internal Repair,SingleRepair,1.0000000000000002,0.4048568290616812,VIP
344,생활가전,Internal,InternRepair,272491,38.46666666666667,3.3,34.6,34.6,Low,0.017222744823782037,low,184876,0,Internal Repair,SingleRepair,0.2,0.08611372411891019,Normal
345,생활가전,Internal,InternRepair,264034,206.13333333333333,3.6666666666666665,201.51666666666668,201.51666666666668,Low,0.01587402237938575,low,173922,1,Internal Repair,SingleRepair,0.2,0.07937011189692875,Normal
346,생활가전,Internal,ImmediateRepair,189008,21.916666666666668,2.0,18.9,18.9,High,0.04336018301451903,medium,162384,0,Immediate Repair,SingleRepair,0.6000000000000001,0.07226697169086503,Normal
347,대형가전,Internal,InternRepair > InternRepair,602366,253.03333333333333,16.6,235.66666666666669,235.66666666666666,Low,0.18603110655818447,high,347177,1,Internal Redo,MultipleRepair,1.0000000000000002,0.18603110655818444,Normal
348,생활가전,Internal,ImmediateRepair,184850,179.6,2.0,176.78333333333333,176.78333333333333,High,0.03318160103228858,medium,134828,1,Immediate Repair,SingleRepair,0.6000000000000001,0.05530266838714762,Normal
349,대형가전,Internal,InternRepair,362082,203.23333333333332,3.3,199.26666666666668,199.26666666666668,High,0.1873781052382735,high,349365,1,Internal Repair,SingleRepair,1.0000000000000002,0.18737810523827347,Normal
350,생활가전,External,ImmediateRepair > ExternRepair,277224,106.51666666666667,4.0,101.85000000000001,101.85,High,0.03338217332203858,medium,135371,0,External Repair,MultipleRepair,0.6000000000000001,0.05563695553673095,Normal
351,생활가전,Internal,ImmediateRepair,215073,22.75,2.2,19.383333333333333,19.383333333333333,Medium,0.06016282185142138,medium,207873,0,Immediate Repair,SingleRepair,0.6000000000000001,0.10027136975236896,Normal
352,IT/소형가전,Internal,InternRepair,138206,12.8,4.033333333333333,7.683333333333334,7.683333333333334,Low,0.0032137122988120798,low,71098,0,Internal Repair,SingleRepair,0.2,0.0160685614940604,Normal
354,대형가전,Internal,InternRepair,300863,24.683333333333334,2.4,4.816666666666666,4.816666666666666,Medium,0.11150107858395227,high,226114,0,Internal Repair,SingleRepair,1.0000000000000002,0.11150107858395224,Normal
355,IT/소형가전,Internal,InternRepair,168207,45.666666666666664,4.4,40.35,40.35,Low,0.0039032180217095803,low,76698,0,Internal Repair,SingleRepair,0.2,0.0195160901085479,Normal
356,생활가전,Internal,ImmediateRepair,178184,81.56666666666666,2.2,72.31666666666666,72.31666666666666,Medium,0.04469843974704991,medium,166007,0,Immediate Repair,SingleRepair,0.6000000000000001,0.0744973995784165,Normal
357,정밀/의료기기,Internal,InternRepair,1070477,292.73333333333335,3.6,288.45,288.45,Medium,0.6170454433521799,high,1047296,1,Internal Repair,SingleRepair,1.0000000000000002,0.6170454433521798,VIP
358,IT/소형가전,External,ExternRepair,165321,170.11666666666667,6.6,160.66666666666666,160.66666666666666,Low,0.016061543310809483,low,175445,1,External Repair,SingleRepair,0.2,0.0803077165540474,Normal
359,대형가전,Internal,InternRepair,281637,130.61666666666667,3.6,126.2,126.2,High,0.13000999783298203,high,256179,0,Internal Repair,SingleRepair,1.0000000000000002,0.130009997832982,Normal
360,IT/소형가전,Internal,ImmediateRepair,116739,148.06666666666666,1.8,131.01666666666665,131.01666666666668,Low,0.006012859281732039,low,93832,0,Immediate Repair,SingleRepair,0.2,0.030064296408660193,Normal
361,생활가전,Internal,ImmediateRepair,126356,22.383333333333333,2.2,19.35,19.35,Low,0.04054552215283387,medium,154764,0,Immediate Repair,SingleRepair,0.6000000000000001,0.06757587025472311,Normal
362,IT/소형가전,Internal,ImmediateRepair,73226,97.93333333333334,1.8,95.13333333333334,95.13333333333334,Medium,0.0030197888142471582,low,69523,0,Immediate Repair,SingleRepair,0.2,0.015098944071235791,Normal
363,정밀/의료기기,Internal,InternRepair,437011,93.6,4.0,88.45,88.45,Low,0.35470575343275357,high,621164,0,Internal Repair,SingleRepair,1.0000000000000002,0.3547057534327535,VIP
364,IT/소형가전,Internal,ImmediateRepair,115978,48.016666666666666,2.2,45.1,45.1,Low,0.002734998325486102,low,67210,0,Immediate Repair,SingleRepair,0.2,0.013674991627430508,Normal
365,정밀/의료기기,Internal,InternRepair,672717,291.0833333333333,3.3,286.95,286.95,High,0.3171757106833987,high,560202,1,Internal Repair,SingleRepair,1.0000000000000002,0.31717571068339867,VIP
366,대형가전,Internal,InternRepair,388916,294.31666666666666,3.6666666666666665,290.0,290.0,Low,0.1915736244360829,high,356180,1,Internal Repair,SingleRepair,1.0000000000000002,0.19157362443608283,Normal
367,생활가전,Internal,InternRepair,138021,90.96666666666667,3.6666666666666665,82.86666666666666,82.86666666666666,Low,0.03866021650479699,medium,149660,0,Internal Repair,SingleRepair,0.6000000000000001,0.06443369417466165,Normal
368,대형가전,Internal,InternRepair,295700,155.61666666666667,3.6666666666666665,151.08333333333331,151.08333333333334,Low,0.13292685329288237,high,260917,0,Internal Repair,SingleRepair,1.0000000000000002,0.13292685329288234,Normal
369,대형가전,Internal,InternRepair,350168,17.166666666666668,2.4,8.0,8.0,Medium,0.1734827180315597,high,326794,0,Internal Repair,SingleRepair,1.0000000000000002,0.17348271803155968,Normal
370,정밀/의료기기,Internal,InternRepair,496172,125.6,4.033333333333333,102.64999999999999,102.65,Low,0.20866474754240466,high,383942,0,Internal Repair,SingleRepair,1.0000000000000002,0.2086647475424046,Normal
371,IT/소형가전,Internal,InternRepair,138932,9.05,2.4,6.116666666666667,6.116666666666666,High,0.0026915348397391695,low,66857,0,Internal Repair,SingleRepair,0.2,0.013457674198695847,Normal
372,생활가전,Internal,InternRepair,226215,21.55,3.6,17.599999999999998,17.6,High,0.04849232186127146,medium,176278,0,Internal Repair,SingleRepair,0.6000000000000001,0.08082053643545242,Normal
373,IT/소형가전,External,InternRepair > ExternRepair,286705,160.65,9.2,150.83333333333331,150.83333333333334,Low,0.002307012273201868,low,63734,0,External Repair,MultipleRepair,0.2,0.01153506136600934,Normal
374,대형가전,Internal,InternRepair,342141,212.33333333333334,3.3,208.65,208.65,Medium,0.23377075904730016,high,424723,1,Internal Repair,SingleRepair,1.0000000000000002,0.2337707590473001,VIP
376,IT/소형가전,Internal,InternRepair,152560,5.85,3.2,2.1666666666666665,2.1666666666666665,Low,0.001159724000709206,low,54416,0,Internal Repair,SingleRepair,0.2,0.005798620003546029,Normal
377,생활가전,Internal,InternRepair,193992,26.416666666666668,4.0,21.816666666666666,21.816666666666666,Medium,0.017825816079273464,medium,93256,0,Internal Repair,SingleRepair,0.6000000000000001,0.029709693465455767,Normal
378,대형가전,External,ExternRepair,550070,129.58333333333334,7.2,121.38333333333334,121.38333333333334,Medium,0.27826788774846833,high,497002,0,External Repair,SingleRepair,1.0000000000000002,0.2782678877484683,VIP
379,생활가전,Internal,ImmediateRepair,171681,17.75,2.0,12.366666666666667,12.366666666666667,Low,0.01632023108291799,low,177546,0,Immediate Repair,SingleRepair,0.2,0.08160115541458994,Normal
380,대형가전,External,ExternRepair,631237,11.45,8.0,3.083333333333333,3.0833333333333335,Low,0.3790428429305964,high,660696,0,External Repair,SingleRepair,1.0000000000000002,0.3790428429305963,VIP
381,생활가전,Internal,ImmediateRepair,114073,53.3,2.0,44.28333333333333,44.28333333333333,High,0.026577490593171924,medium,116949,0,Immediate Repair,SingleRepair,0.6000000000000001,0.044295817655286535,Normal
382,생활가전,Internal,ImmediateRepair,233565,20.316666666666666,2.2,16.95,16.95,Low,0.06403021020074467,medium,218343,0,Immediate Repair,SingleRepair,0.6000000000000001,0.1067170170012411,Normal
383,생활가전,Internal,ImmediateRepair,133542,39.1,2.2,35.833333333333336,35.833333333333336,Medium,0.010776358818778196,low,132520,0,Immediate Repair,SingleRepair,0.2,0.053881794093890975,Normal
384,생활가전,Internal,ImmediateRepair,166011,44.46666666666667,2.0,41.88333333333333,41.88333333333333,Medium,0.0379905340714328,medium,147847,0,Immediate Repair,SingleRepair,0.6000000000000001,0.06331755678572132,Normal
385,정밀/의료기기,Internal,InternRepair,509797,99.4,3.6666666666666665,83.03333333333333,83.03333333333333,High,0.3450397450798842,high,605463,0,Internal Repair,SingleRepair,1.0000000000000002,0.34503974507988416,VIP
386,IT/소형가전,Internal,InternRepair,113553,238.16666666666666,3.6666666666666665,233.83333333333331,233.83333333333334,Low,0.00571403242646914,low,91405,1,Internal Repair,SingleRepair,0.2,0.0285701621323457,Normal
387,IT/소형가전,External,ExternRepair,174629,146.38333333333333,7.8,137.46666666666667,137.46666666666667,Low,0.013582770236992968,low,155313,0,External Repair,SingleRepair,0.2,0.06791385118496483,Normal
388,IT/소형가전,External,ImmediateRepair > ExternRepair,295859,5.566666666666666,2.0,3.033333333333333,3.033333333333333,High,0.004262992257835741,low,79620,0,External Repair,MultipleRepair,0.2,0.021314961289178702,Normal
389,생활가전,Internal,ImmediateRepair,151553,31.983333333333334,1.8,29.2,29.2,High,0.039987761273418576,medium,153254,0,Immediate Repair,SingleRepair,0.6000000000000001,0.06664626878903095,Normal
390,대형가전,External,InternRepair > ExternRepair,494394,196.95,8.0,188.56666666666666,188.56666666666666,Medium,0.13236958491755485,medium,403355,1,External Repair,MultipleRepair,0.6000000000000001,0.22061597486259138,Normal
391,대형가전,Internal,InternRepair,491093,39.7,4.033333333333333,28.366666666666667,28.366666666666667,Medium,0.2750746143692993,high,491815,0,Internal Repair,SingleRepair,1.0000000000000002,0.27507461436929925,VIP
393,대형가전,Internal,InternRepair,416188,17.666666666666668,2.8,9.383333333333333,9.383333333333333,Medium,0.2510047083390793,high,452717,0,Internal Repair,SingleRepair,1.0000000000000002,0.25100470833907923,VIP
394,IT/소형가전,Internal,ImmediateRepair,118722,9.883333333333333,1.8,7.133333333333333,7.133333333333334,Medium,0.0043128582967238635,low,80025,0,Immediate Repair,SingleRepair,0.2,0.021564291483619318,Normal
395,대형가전,Internal,ImmediateRepair > InternRepair,308684,52.083333333333336,4.0,46.983333333333334,46.983333333333334,Low,0.1284050501369162,high,253572,0,Internal Repair,MultipleRepair,1.0000000000000002,0.12840505013691617,Normal
396,대형가전,Internal,InternRepair > InternRepair,412792,351.56666666666666,6.966666666666667,343.71666666666664,343.71666666666664,High,0.19028818876696685,high,354092,1,Internal Redo,MultipleRepair,1.0000000000000002,0.1902881887669668,Normal
398,IT/소형가전,Internal,InternRepair,109204,378.3833333333333,4.4,373.4833333333333,373.48333333333335,Low,0.003331420775792439,low,72054,1,Internal Repair,SingleRepair,0.2,0.016657103878962194,Normal
399,IT/소형가전,Internal,ImmediateRepair,77323,170.81666666666666,1.8,168.35,168.35,Medium,0.0005046935639565806,low,49096,1,Immediate Repair,SingleRepair,0.2,0.0025234678197829027,Normal
400,생활가전,Internal,InternRepair,138208,206.86666666666667,4.4,202.03333333333333,202.03333333333333,Low,0.005760820314808613,low,91785,1,Internal Repair,SingleRepair,0.2,0.02880410157404306,Normal
401,IT/소형가전,Internal,ImmediateRepair,134477,177.65,2.2,174.35,174.35,Low,0.003920209412738125,low,76836,1,Immediate Repair,SingleRepair,0.2,0.019601047063690626,Normal
402,IT/소형가전,Internal,ImmediateRepair,75882,37.45,1.8,34.8,34.8,Medium,0.0007835740036642308,low,51361,0,Immediate Repair,SingleRepair,0.2,0.003917870018321154,Normal
403,대형가전,Internal,ImmediateRepair,223639,224.5,2.0,221.73333333333335,221.73333333333332,Medium,0.09857777132050198,high,205122,1,Immediate Repair,SingleRepair,1.0000000000000002,0.09857777132050195,Normal
404,IT/소형가전,Internal,ImmediateRepair > InternRepair,241329,39.63333333333333,4.0,30.533333333333335,30.533333333333335,Medium,0.003462057485077126,low,73115,0,Internal Repair,MultipleRepair,0.2,0.01731028742538563,Normal
406,IT/소형가전,Internal,ImmediateRepair,139277,98.21666666666667,2.0,89.06666666666666,89.06666666666666,Low,0.002698429896968145,low,66913,0,Immediate Repair,SingleRepair,0.2,0.013492149484840725,Normal
407,대형가전,Internal,InternRepair,472924,24.966666666666665,4.4,20.016666666666666,20.016666666666666,High,0.28697166623982984,high,511140,0,Internal Repair,SingleRepair,1.0000000000000002,0.2869716662398298,VIP
408,생활가전,Internal,InternRepair,208020,34.18333333333333,4.033333333333333,29.28333333333333,29.283333333333335,Medium,0.06585604598018165,medium,223286,0,Internal Repair,SingleRepair,0.6000000000000001,0.10976007663363606,Normal
409,정밀/의료기기,Internal,InternRepair,471602,248.06666666666666,4.0,241.28333333333333,241.28333333333333,High,0.27954593585626764,high,499078,1,Internal Repair,SingleRepair,1.0000000000000002,0.2795459358562676,VIP
410,생활가전,Internal,ImmediateRepair,237980,17.383333333333333,2.0,14.433333333333334,14.433333333333334,Low,0.04657931285829674,medium,171099,0,Immediate Repair,SingleRepair,0.6000000000000001,0.07763218809716121,Normal
411,생활가전,Internal,ImmediateRepair,219018,5.766666666666667,1.8,3.0,3.0,Low,0.010423602765902956,low,129655,0,Immediate Repair,SingleRepair,0.2,0.05211801382951478,Normal
412,생활가전,Internal,InternRepair,249969,40.8,4.0,30.466666666666665,30.466666666666665,Low,0.014084878154488684,low,159391,0,Internal Repair,SingleRepair,0.2,0.07042439077244342,Normal
413,정밀/의료기기,Internal,InternRepair,567557,157.13333333333333,4.4,151.91666666666666,151.91666666666666,Medium,0.3666058834538327,high,640494,0,Internal Repair,SingleRepair,1.0000000000000002,0.36660588345383266,VIP
414,생활가전,Internal,ImmediateRepair,138260,187.0,2.0,183.85000000000002,183.85,Low,0.022917692716849555,medium,107041,1,Immediate Repair,SingleRepair,0.6000000000000001,0.03819615452808259,Normal
415,정밀/의료기기,External,ExternRepair,643966,149.11666666666667,6.6,140.48333333333332,140.48333333333332,Low,0.330290478910975,high,581505,0,External Repair,SingleRepair,1.0000000000000002,0.33029047891097496,VIP
416,IT/소형가전,Internal,InternRepair,122646,182.73333333333332,4.4,177.31666666666666,177.31666666666666,Low,0.004826786312326393,low,84199,1,Internal Repair,SingleRepair,0.2,0.02413393156163196,Normal
417,정밀/의료기기,Internal,InternRepair > InternRepair,1540348,25.383333333333333,10.666666666666666,10.816666666666666,10.816666666666666,Low,0.7002355400799828,high,1182426,0,Internal Redo,MultipleRepair,1.0000000000000002,0.7002355400799827,VIP
418,대형가전,Internal,InternRepair,359094,7.666666666666667,3.6,3.1666666666666665,3.1666666666666665,Medium,0.18867523787947443,high,351472,0,Internal Repair,SingleRepair,1.0000000000000002,0.18867523787947438,Normal
419,IT/소형가전,Internal,ImmediateRepair,200560,46.31666666666667,2.0,43.599999999999994,43.6,Low,0.004021665254821615,low,77660,0,Immediate Repair,SingleRepair,0.2,0.020108326274108072,Normal
420,생활가전,Internal,InternRepair,186012,60.35,4.0,55.86666666666667,55.86666666666667,Low,0.05532101416441757,medium,194765,0,Internal Repair,SingleRepair,0.6000000000000001,0.09220169027402927,Normal
421,생활가전,Internal,ImmediateRepair,184149,11.983333333333333,2.0,9.233333333333334,9.233333333333333,Medium,0.0558137645042454,medium,196099,0,Immediate Repair,SingleRepair,0.6000000000000001,0.09302294084040898,Normal
422,IT/소형가전,External,ImmediateRepair > ExternRepair,279442,202.0,3.8,190.95,190.95,Low,0.0008947568014814528,low,52264,1,External Repair,MultipleRepair,0.2,0.004473784007407264,Normal
423,생활가전,Internal,InternRepair,178602,216.9,4.0,211.75,211.75,Low,0.02046280609129056,low,211191,1,Internal Repair,SingleRepair,0.2,0.10231403045645278,Normal
424,대형가전,Internal,InternRepair,416780,132.95,4.4,127.63333333333333,127.63333333333334,Medium,0.1496405951419397,high,288066,0,Internal Repair,SingleRepair,1.0000000000000002,0.14964059514193967,Normal
425,IT/소형가전,Internal,InternRepair > InternRepair,141221,25.166666666666668,8.583333333333334,10.366666666666667,10.366666666666667,Medium,0.0025399667067236664,low,65626,0,Internal Redo,MultipleRepair,0.2,0.01269983353361833,Normal
426,생활가전,Internal,InternRepair,201325,136.65,3.6,132.0,132.0,Low,0.010323131931995036,low,128839,0,Internal Repair,SingleRepair,0.2,0.05161565965997518,Normal
427,IT/소형가전,Internal,ImmediateRepair,128664,13.533333333333333,2.0,10.483333333333334,10.483333333333333,Medium,0.0030809824471543113,low,70020,0,Immediate Repair,SingleRepair,0.2,0.015404912235771555,Normal
428,생활가전,Internal,InternRepair,220124,80.28333333333333,3.6,76.03333333333333,76.03333333333333,High,0.006829431059277792,low,100464,0,Internal Repair,SingleRepair,0.2,0.03414715529638896,Normal
429,정밀/의료기기,Internal,InternRepair,776166,229.48333333333332,4.0,225.15,225.15,Medium,0.515600066980556,high,882513,1,Internal Repair,SingleRepair,1.0000000000000002,0.5156000669805559,VIP
430,생활가전,Internal,ImmediateRepair,142819,214.83333333333334,1.8,212.28333333333333,212.28333333333333,High,0.031912787376135225,medium,131393,1,Immediate Repair,SingleRepair,0.6000000000000001,0.05318797896022537,Normal
431,IT/소형가전,Internal,InternRepair,138402,89.21666666666667,3.6,84.68333333333334,84.68333333333334,Medium,0.0018871525383660688,low,60324,0,Internal Repair,SingleRepair,0.2,0.009435762691830343,Normal
432,정밀/의료기기,Internal,InternRepair,560459,184.53333333333333,4.0,167.33333333333334,167.33333333333334,Low,0.29751802564961294,high,528271,1,Internal Repair,SingleRepair,1.0000000000000002,0.2975180256496129,VIP
433,대형가전,Internal,ImmediateRepair,340358,20.233333333333334,1.8,6.366666666666667,6.366666666666666,Medium,0.2790097220306929,high,498207,0,Immediate Repair,SingleRepair,1.0000000000000002,0.27900972203069285,VIP
434,IT/소형가전,Internal,InternRepair,110606,254.1,3.6,249.78333333333333,249.78333333333333,Medium,0.004049491735781408,low,77886,1,Internal Repair,SingleRepair,0.2,0.020247458678907038,Normal
435,대형가전,Internal,InternRepair,283151,99.08333333333333,3.3,95.19999999999999,95.2,High,0.12858173597840863,high,253859,0,Internal Repair,SingleRepair,1.0000000000000002,0.1285817359784086,Normal
436,IT/소형가전,Internal,InternRepair,140366,10.216666666666667,3.2,6.683333333333333,6.683333333333334,Low,0.0011999862098855424,low,54743,0,Internal Repair,SingleRepair,0.2,0.005999931049427712,Normal
437,정밀/의료기기,Internal,InternRepair,648614,127.1,3.3,122.83333333333333,122.83333333333333,Low,0.22973653493824003,high,418170,0,Internal Repair,SingleRepair,1.0000000000000002,0.22973653493823998,VIP
438,생활가전,Internal,ImmediateRepair,98979,74.26666666666667,2.0,59.3,59.3,Low,0.02031542424302122,medium,99996,0,Immediate Repair,SingleRepair,0.6000000000000001,0.03385904040503536,Normal
439,대형가전,Internal,InternRepair,310154,11.066666666666666,3.2,7.133333333333333,7.133333333333334,Low,0.19922405980969649,high,368607,0,Internal Repair,SingleRepair,1.0000000000000002,0.19922405980969643,Normal
440,IT/소형가전,Internal,ImmediateRepair,203156,110.26666666666667,2.2,107.3,107.3,Medium,0.004037056007564863,low,77785,0,Immediate Repair,SingleRepair,0.2,0.020185280037824313,Normal
441,정밀/의료기기,Internal,InternRepair,1171330,168.96666666666667,4.0,155.83333333333331,155.83333333333334,Medium,0.7171241208802034,high,1209859,1,Internal Repair,SingleRepair,1.0000000000000002,0.7171241208802033,VIP
442,IT/소형가전,Internal,ImmediateRepair,174523,8.85,1.1,7.366666666666667,7.366666666666666,Medium,0.004037917889718484,low,77792,0,Immediate Repair,SingleRepair,0.2,0.02018958944859242,Normal
444,IT/소형가전,Internal,InternRepair,85861,115.86666666666666,4.4,110.66666666666667,110.66666666666667,Medium,0.004156734500896357,low,78757,0,Internal Repair,SingleRepair,0.2,0.020783672504481786,Normal
445,IT/소형가전,Internal,ImmediateRepair,176263,23.833333333333332,2.2,20.883333333333333,20.883333333333333,Medium,0.002617659226571581,low,66257,0,Immediate Repair,SingleRepair,0.2,0.013088296132857904,Normal
447,생활가전,Internal,ImmediateRepair,103560,216.36666666666667,1.8,213.71666666666667,213.71666666666667,Medium,0.033702054727054245,medium,136237,1,Immediate Repair,SingleRepair,0.6000000000000001,0.05617009121175706,Normal
448,IT/소형가전,Internal,InternRepair,157058,56.983333333333334,4.4,44.96666666666667,44.96666666666667,Medium,0.00491913082878588,low,84949,0,Internal Repair,SingleRepair,0.2,0.024595654143929398,Normal
449,정밀/의료기기,Internal,InternRepair,1195872,10.066666666666666,4.0,5.2,5.2,High,0.5892121904611809,high,1002085,0,Internal Repair,SingleRepair,1.0000000000000002,0.5892121904611808,VIP
450,생활가전,Internal,ImmediateRepair,221347,12.566666666666666,2.2,9.333333333333334,9.333333333333334,High,0.053325633852760984,medium,189363,0,Immediate Repair,SingleRepair,0.6000000000000001,0.08887605642126829,Normal
451,IT/소형가전,Internal,ImmediateRepair,193363,210.06666666666666,2.0,207.03333333333333,207.03333333333333,Low,0.004698365871436733,low,83156,1,Immediate Repair,SingleRepair,0.2,0.023491829357183663,Normal
452,IT/소형가전,Internal,ImmediateRepair,167764,32.65,1.8,22.433333333333334,22.433333333333334,Medium,0.003371067354859045,low,72376,0,Immediate Repair,SingleRepair,0.2,0.016855336774295224,Normal
454,IT/소형가전,Internal,InternRepair,114899,34.03333333333333,3.3,25.049999999999997,25.05,Low,0.006830046689387522,low,100469,0,Internal Repair,SingleRepair,0.2,0.03415023344693761,Normal
455,생활가전,Internal,ImmediateRepair,168131,185.83333333333334,2.2,182.88333333333335,182.88333333333333,Medium,0.03480058509485629,medium,139211,1,Immediate Repair,SingleRepair,0.6000000000000001,0.05800097515809381,Normal
456,대형가전,External,ImmediateRepair > InternRepair > ExternRepair,442999,21.966666666666665,7.25,10.633333333333333,10.183333333333334,Medium,0.12194216524497158,high,243074,0,External Repair,MultipleRepair,1.0000000000000002,0.12194216524497155,Normal
457,IT/소형가전,Internal,InternRepair,134303,338.6333333333333,4.4,333.6166666666667,333.6166666666667,Medium,0.0007857902720592586,low,51379,1,Internal Repair,SingleRepair,0.2,0.003928951360296293,Normal
458,정밀/의료기기,External,InternRepair > ExternRepair,653714,13.933333333333334,8.0,5.316666666666666,5.316666666666666,Low,0.36651230767715376,high,640342,0,External Repair,MultipleRepair,1.0000000000000002,0.3665123076771537,VIP
459,IT/소형가전,Internal,InternRepair,120495,58.5,4.033333333333333,53.483333333333334,53.483333333333334,Low,0.0035120466499871956,low,73521,0,Internal Repair,SingleRepair,0.2,0.017560233249935976,Normal
460,대형가전,Internal,InternRepair,407727,18.883333333333333,4.4,13.483333333333334,13.483333333333333,High,0.13509633379957056,high,264441,0,Internal Repair,SingleRepair,1.0000000000000002,0.13509633379957053,Normal
461,정밀/의료기기,Internal,InternRepair,1326057,16.566666666666666,3.3,10.266666666666666,10.266666666666667,Low,0.5377048817005182,high,918419,0,Internal Repair,SingleRepair,1.0000000000000002,0.5377048817005181,VIP
462,생활가전,Internal,ImmediateRepair,242470,108.13333333333334,1.8,105.28333333333333,105.28333333333333,Low,0.07021138275447687,medium,235077,0,Immediate Repair,SingleRepair,0.6000000000000001,0.11701897125746143,Normal
463,대형가전,Internal,InternRepair,278642,13.933333333333334,4.0,9.05,9.05,High,0.16199998522487738,high,308142,0,Internal Repair,SingleRepair,1.0000000000000002,0.16199998522487735,Normal
464,대형가전,Internal,InternRepair,249264,109.53333333333333,3.6,102.75,102.75,High,0.10976438604440421,high,223293,0,Internal Repair,SingleRepair,1.0000000000000002,0.10976438604440418,Normal
466,IT/소형가전,External,ImmediateRepair > ExternRepair,255883,58.983333333333334,3.8,48.78333333333334,48.78333333333333,Low,0.004070792537578062,low,78059,0,External Repair,MultipleRepair,0.2,0.02035396268789031,Normal
467,생활가전,External,ExternRepair,173302,12.75,8.8,3.1166666666666667,3.1166666666666667,Low,0.018732146726817833,low,197135,0,External Repair,SingleRepair,0.2,0.09366073363408917,Normal
468,IT/소형가전,Internal,ImmediateRepair,107447,25.4,1.8,22.51666666666667,22.516666666666666,High,0.0006955388979728535,low,50646,0,Immediate Repair,SingleRepair,0.2,0.003477694489864267,Normal
469,생활가전,Internal,ImmediateRepair,111863,14.033333333333333,1.8,11.133333333333333,11.133333333333333,Medium,0.02893596954354722,medium,123334,0,Immediate Repair,SingleRepair,0.6000000000000001,0.048226615905912026,Normal
470,생활가전,Internal,ImmediateRepair,150699,229.61666666666667,1.8,204.5,204.5,Medium,0.03633165717775458,medium,143356,1,Immediate Repair,SingleRepair,0.6000000000000001,0.06055276196292429,Normal
472,생활가전,Internal,ImmediateRepair,154479,105.03333333333333,2.2,95.95,95.95,Low,0.0304105267823723,medium,127326,0,Immediate Repair,SingleRepair,0.6000000000000001,0.05068421130395383,Normal
473,정밀/의료기기,Internal,InternRepair,1019283,83.5,4.4,68.10000000000001,68.1,Low,0.5927982358503576,high,1007910,0,Internal Repair,SingleRepair,1.0000000000000002,0.5927982358503575,VIP
474,IT/소형가전,Internal,InternRepair,105795,24.366666666666667,4.4,19.183333333333334,19.183333333333334,Low,0.003900632375248715,low,76677,0,Internal Repair,SingleRepair,0.2,0.019503161876243576,Normal
475,생활가전,Internal,ImmediateRepair,156310,58.083333333333336,2.2,54.88333333333333,54.88333333333333,Medium,0.04811333996572172,medium,175252,0,Immediate Repair,SingleRepair,0.6000000000000001,0.08018889994286953,Normal
476,IT/소형가전,External,ExternRepair,204005,17.466666666666665,6.6,9.983333333333334,9.983333333333333,Low,0.011741174326746913,low,140356,0,External Repair,SingleRepair,0.2,0.05870587163373456,Normal
477,IT/소형가전,External,ImmediateRepair > ExternRepair,211660,61.36666666666667,4.0,56.68333333333334,56.68333333333333,Low,0.00566564389984437,low,91012,0,External Repair,MultipleRepair,0.2,0.028328219499221846,Normal
478,생활가전,Internal,ImmediateRepair,140381,139.23333333333332,1.8,136.68333333333334,136.68333333333334,Medium,0.04057913555682512,medium,154855,0,Immediate Repair,SingleRepair,0.6000000000000001,0.06763189259470853,Normal
479,정밀/의료기기,Internal,InternRepair,629858,18.083333333333332,3.3,13.616666666666665,13.616666666666667,High,0.4423493183743426,high,763528,0,Internal Repair,SingleRepair,1.0000000000000002,0.4423493183743425,VIP
481,생활가전,Internal,ImmediateRepair,164646,175.23333333333332,2.2,172.31666666666666,172.31666666666666,Medium,0.043240135143121694,medium,162059,1,Immediate Repair,SingleRepair,0.6000000000000001,0.07206689190520281,Normal
482,IT/소형가전,Internal,InternRepair,164179,306.1,3.6,301.59999999999997,301.6,Medium,0.0024609198006343455,low,64984,1,Internal Repair,SingleRepair,0.2,0.012304599003171726,Normal
483,생활가전,Internal,ImmediateRepair,144535,162.11666666666667,2.0,152.51666666666665,152.51666666666668,Low,0.03719156931502532,medium,145684,0,Immediate Repair,SingleRepair,0.6000000000000001,0.06198594885837552,Normal
484,IT/소형가전,External,InternRepair > ExternRepair,253511,195.13333333333333,7.333333333333333,187.31666666666666,187.31666666666666,Low,0.001318310316975631,low,55704,1,External Repair,MultipleRepair,0.2,0.006591551584878154,Normal
485,대형가전,Internal,ImmediateRepair,260382,39.38333333333333,1.8,32.416666666666664,32.416666666666664,Medium,0.1703356169106204,high,321682,0,Immediate Repair,SingleRepair,1.0000000000000002,0.17033561691062038,Normal
486,생활가전,Internal,ImmediateRepair,140394,75.25,2.0,72.25,72.25,Medium,0.02173125036937807,medium,103829,0,Immediate Repair,SingleRepair,0.6000000000000001,0.03621875061563011,Normal
487,IT/소형가전,External,ImmediateRepair > ExternRepair,220348,22.966666666666665,4.2,18.05,18.05,Low,0.0024802505860798646,low,65141,0,External Repair,MultipleRepair,0.2,0.012401252930399322,Normal
488,IT/소형가전,Internal,ImmediateRepair,156047,12.066666666666666,2.2,8.833333333333334,8.833333333333334,Medium,0.001710959200961368,low,58893,0,Immediate Repair,SingleRepair,0.2,0.008554796004806839,Normal
489,IT/소형가전,Internal,ImmediateRepair,110093,166.4,1.8,163.71666666666667,163.71666666666667,Medium,0.0048310957230945015,low,84234,0,Immediate Repair,SingleRepair,0.2,0.024155478615472507,Normal
490,정밀/의료기기,External,ExternRepair,689801,38.016666666666666,8.4,28.7,28.7,High,0.4245963929000612,high,734691,0,External Repair,SingleRepair,1.0000000000000002,0.42459639290006107,VIP
491,생활가전,Internal,ImmediateRepair,190650,19.233333333333334,1.8,16.45,16.45,Low,0.00787969602647702,low,108994,0,Immediate Repair,SingleRepair,0.2,0.0393984801323851,Normal
492,생활가전,Internal,ImmediateRepair,175230,92.58333333333333,1.8,90.11666666666667,90.11666666666666,Low,0.03596043222158744,medium,142351,0,Immediate Repair,SingleRepair,0.6000000000000001,0.059934053702645734,Normal
493,생활가전,Internal,ImmediateRepair > InternRepair,231288,86.28333333333333,5.033333333333333,79.66666666666667,78.83333333333333,Low,0.05692226807982507,medium,199100,0,Internal Repair,MultipleRepair,0.6000000000000001,0.09487044679970844,Normal
494,대형가전,External,ExternRepair,434560,11.733333333333333,7.2,4.05,4.05,Medium,0.2635574062764721,high,473107,0,External Repair,SingleRepair,1.0000000000000002,0.26355740627647206,VIP
495,IT/소형가전,Internal,InternRepair,112003,75.01666666666667,4.0,70.15,70.15,Low,0.003685777466952976,low,74932,0,Internal Repair,SingleRepair,0.2,0.01842888733476488,Normal
496,대형가전,Internal,ImmediateRepair,418629,104.66666666666667,1.8,101.95,101.95,Low,0.16987512558854242,high,320934,0,Immediate Repair,SingleRepair,1.0000000000000002,0.1698751255885424,Normal
497,생활가전,Internal,InternRepair,126204,314.1333333333333,4.0,305.1,305.1,Medium,0.003998517562695771,low,77472,1,Internal Repair,SingleRepair,0.2,0.019992587813478853,Normal
498,생활가전,Internal,InternRepair,253434,237.91666666666666,4.4,228.4,228.4,Low,0.052086370441874676,medium,186008,1,Internal Repair,SingleRepair,0.6000000000000001,0.08681061740312444,Normal
500,대형가전,Internal,InternRepair,287432,187.63333333333333,3.6666666666666665,182.78333333333333,182.78333333333333,High,0.18311117294773552,high,342434,1,Internal Repair,SingleRepair,1.0000000000000002,0.1831111729477355,Normal
501,대형가전,External,ImmediateRepair > ExternRepair,518288,68.13333333333334,4.2,63.06666666666666,63.06666666666667,Low,0.2743912649474991,high,490705,0,External Repair,MultipleRepair,1.0000000000000002,0.27439126494749905,VIP
502,대형가전,Internal,ImmediateRepair,406318,8.516666666666667,2.0,5.716666666666667,5.716666666666667,Low,0.2310816867279999,high,420355,0,Immediate Repair,SingleRepair,1.0000000000000002,0.23108168672799984,VIP
503,IT/소형가전,Internal,InternRepair,139300,160.41666666666666,3.3,155.21666666666667,155.21666666666667,Medium,0.004042227300486594,low,77827,0,Internal Repair,SingleRepair,0.2,0.020211136502432968,Normal
504,생활가전,Internal,InternRepair,312985,27.65,4.4,22.25,22.25,Low,0.06700628927720102,medium,226400,0,Internal Repair,SingleRepair,0.6000000000000001,0.11167714879533501,Normal
505,생활가전,Internal,InternRepair,180171,10.866666666666667,4.8,5.716666666666667,5.716666666666667,Low,0.012023379169047103,low,142648,0,Internal Repair,SingleRepair,0.2,0.06011689584523551,Normal
506,생활가전,Internal,InternRepair,224738,16.9,4.8,6.2,6.2,High,0.006814286558578436,low,100341,0,Internal Repair,SingleRepair,0.2,0.03407143279289218,Normal
507,IT/소형가전,Internal,ImmediateRepair,112464,10.05,2.2,6.966666666666667,6.966666666666667,Low,0.004504319260849865,low,81580,0,Immediate Repair,SingleRepair,0.2,0.022521596304249325,Normal
508,IT/소형가전,Internal,InternRepair,86576,38.583333333333336,4.4,33.300000000000004,33.3,Low,0.0011416244754831467,low,54269,0,Internal Repair,SingleRepair,0.2,0.005708122377415734,Normal
509,IT/소형가전,Internal,ImmediateRepair,167061,67.46666666666667,1.8,52.266666666666666,52.266666666666666,Medium,0.0046457910600657985,low,82729,0,Immediate Repair,SingleRepair,0.2,0.023228955300328993,Normal
510,생활가전,Internal,InternRepair > InternRepair,194096,29.133333333333333,14.316666666666666,14.233333333333334,14.233333333333333,Low,0.005049398160004728,low,86007,0,Internal Redo,MultipleRepair,0.2,0.02524699080002364,Normal
511,생활가전,Internal,InternRepair,228742,274.6166666666667,3.6,269.9166666666667,269.9166666666667,Medium,0.008183201670573867,low,111459,1,Internal Repair,SingleRepair,0.2,0.040916008352869335,Normal
512,생활가전,Internal,ImmediateRepair > InternRepair > InternRepair,345473,100.81666666666666,7.1,92.94999999999999,92.93333333333334,Low,0.058083223340753734,medium,202243,0,Internal Redo,MultipleRepair,0.6000000000000001,0.09680537223458954,Normal
513,생활가전,Internal,ImmediateRepair,111062,8.783333333333333,2.0,5.95,5.95,High,0.02820386221705641,medium,121352,0,Immediate Repair,SingleRepair,0.6000000000000001,0.04700643702842734,Normal
515,IT/소형가전,Internal,ImmediateRepair,88241,18.233333333333334,2.0,11.433333333333334,11.433333333333334,Low,0.002772551762179626,low,67515,0,Immediate Repair,SingleRepair,0.2,0.01386275881089813,Normal
516,생활가전,Internal,InternRepair,224126,201.23333333333332,4.4,195.68333333333334,195.68333333333334,Medium,0.010861685151986761,low,133213,1,Internal Repair,SingleRepair,0.2,0.054308425759933804,Normal
517,IT/소형가전,Internal,ImmediateRepair,87475,40.416666666666664,2.0,37.43333333333334,37.43333333333333,Medium,0.0014094235732156582,low,56444,0,Immediate Repair,SingleRepair,0.2,0.007047117866078291,Normal
518,생활가전,Internal,ImmediateRepair,142842,53.05,1.8,50.25,50.25,Medium,0.049449380429857574,medium,178869,0,Immediate Repair,SingleRepair,0.6000000000000001,0.08241563404976261,Normal
519,생활가전,External,InternRepair > ExternRepair,372485,74.53333333333333,9.166666666666666,64.35,64.35,Low,0.00983727664939619,low,124893,0,External Repair,MultipleRepair,0.2,0.04918638324698095,Normal
520,IT/소형가전,Internal,ImmediateRepair,151376,135.0,2.0,132.01666666666668,132.01666666666668,Low,0.003344349008096767,low,72159,0,Immediate Repair,SingleRepair,0.2,0.016721745040483835,Normal
521,생활가전,Internal,InternRepair,202106,409.68333333333334,3.6666666666666665,402.85,402.85,Low,0.006307746104292667,low,96227,1,Internal Repair,SingleRepair,0.2,0.03153873052146333,Normal
522,생활가전,Internal,ImmediateRepair,198999,16.033333333333335,2.2,13.066666666666666,13.066666666666666,Low,0.011835981363645318,low,141126,0,Immediate Repair,SingleRepair,0.2,0.05917990681822659,Normal
523,IT/소형가전,Internal,InternRepair,138090,152.83333333333334,4.0,148.03333333333333,148.03333333333333,Low,0.0054355213648273285,low,89143,0,Internal Repair,SingleRepair,0.2,0.02717760682413664,Normal
524,생활가전,Internal,InternRepair,135890,202.4,4.4,197.46666666666667,197.46666666666667,Medium,0.03144183034219184,medium,130118,1,Internal Repair,SingleRepair,0.6000000000000001,0.05240305057031973,Normal
525,생활가전,Internal,InternRepair,303367,327.2,4.4,314.31666666666666,314.31666666666666,Low,0.06861751640038614,medium,230762,1,Internal Repair,SingleRepair,0.6000000000000001,0.11436252733397688,Normal
526,생활가전,Internal,ImmediateRepair,201718,71.58333333333333,2.2,68.71666666666667,68.71666666666667,Medium,0.04835823762337228,medium,175915,0,Immediate Repair,SingleRepair,0.6000000000000001,0.08059706270562046,Normal
527,생활가전,Internal,ImmediateRepair,195145,21.283333333333335,1.8,12.616666666666667,12.616666666666667,Low,0.047704438446839116,medium,174145,0,Immediate Repair,SingleRepair,0.6000000000000001,0.07950739741139852,Normal
528,대형가전,Internal,InternRepair,419552,27.983333333333334,4.0,23.0,23.0,High,0.21102076397234104,high,387769,0,Internal Repair,SingleRepair,1.0000000000000002,0.21102076397234099,Normal
529,생활가전,Internal,InternRepair > InternRepair,285900,133.71666666666667,15.4,117.51666666666667,117.51666666666667,Medium,0.014702108902503891,low,164404,0,Internal Redo,MultipleRepair,0.2,0.07351054451251945,Normal
530,대형가전,Internal,InternRepair,405170,164.2,3.3,154.96666666666667,154.96666666666667,Low,0.22482195977226616,high,410187,0,Internal Repair,SingleRepair,1.0000000000000002,0.2248219597722661,VIP
532,생활가전,Internal,ImmediateRepair,203363,40.46666666666667,2.0,33.18333333333333,33.18333333333333,Low,0.03273465357262466,medium,133618,0,Immediate Repair,SingleRepair,0.6000000000000001,0.054557755954374426,Normal
533,IT/소형가전,Internal,ImmediateRepair,122304,100.3,2.0,97.23333333333333,97.23333333333333,Low,0.0031392210555347606,low,70493,0,Immediate Repair,SingleRepair,0.2,0.015696105277673802,Normal
534,대형가전,External,ExternRepair,468813,43.2,6.6,29.25,29.25,High,0.2675706989618014,high,479626,0,External Repair,SingleRepair,1.0000000000000002,0.26757069896180136,VIP
535,IT/소형가전,Internal,ImmediateRepair,94807,245.08333333333334,2.2,241.79999999999998,241.8,Low,0.0003861232048225999,low,48133,1,Immediate Repair,SingleRepair,0.2,0.0019306160241129994,Normal
536,생활가전,Internal,ImmediateRepair,179568,8.566666666666666,2.2,5.583333333333333,5.583333333333333,Medium,0.04740302594511535,medium,173329,0,Immediate Repair,SingleRepair,0.6000000000000001,0.0790050432418589,Normal
537,대형가전,Internal,InternRepair,184301,11.516666666666667,3.2,7.666666666666667,7.666666666666667,Medium,0.14016173834242826,high,272669,0,Internal Repair,SingleRepair,1.0000000000000002,0.14016173834242823,Normal
538,대형가전,Internal,ImmediateRepair > InternRepair,316564,13.883333333333333,5.966666666666667,9.15,7.183333333333334,High,0.18944662240696603,high,352725,0,Internal Repair,MultipleRepair,1.0000000000000002,0.18944662240696597,Normal
539,정밀/의료기기,Internal,InternRepair,526744,309.45,3.3,302.53333333333336,302.53333333333336,Medium,0.25896111187722864,high,465641,1,Internal Repair,SingleRepair,1.0000000000000002,0.2589611118772286,VIP
540,생활가전,Internal,InternRepair,137692,17.9,4.4,8.683333333333334,8.683333333333334,Low,0.02637839581568528,medium,116410,0,Internal Repair,SingleRepair,0.6000000000000001,0.04396399302614212,Normal
541,생활가전,Internal,InternRepair,181829,111.86666666666666,4.4,106.65,106.65,High,0.046205132877602896,medium,170086,0,Internal Repair,SingleRepair,0.6000000000000001,0.07700855479600481,Normal
542,생활가전,Internal,ImmediateRepair > InternRepair,227705,73.56666666666666,4.766666666666667,68.55000000000001,67.78333333333333,Low,0.04058947814266859,medium,154883,0,Internal Repair,MultipleRepair,0.6000000000000001,0.06764913023778098,Normal
543,생활가전,External,ExternRepair,291468,21.616666666666667,8.8,6.833333333333333,6.833333333333333,High,0.021167333188865472,low,216913,0,External Repair,SingleRepair,0.2,0.10583666594432735,Normal
544,대형가전,Internal,ImmediateRepair,245882,21.933333333333334,1.8,19.483333333333334,19.483333333333334,Low,0.1426962875041863,high,276786,0,Immediate Repair,SingleRepair,1.0000000000000002,0.14269628750418628,Normal
545,생활가전,Internal,ImmediateRepair,210420,179.13333333333333,2.2,168.76666666666665,168.76666666666668,Low,0.009545344851362268,low,122522,1,Immediate Repair,SingleRepair,0.2,0.047726724256811334,Normal
546,IT/소형가전,Internal,ImmediateRepair,101981,185.05,2.0,173.75,173.75,High,0.0012934388605425424,low,55502,1,Immediate Repair,SingleRepair,0.2,0.0064671943027127116,Normal
547,IT/소형가전,Internal,InternRepair,173754,49.93333333333333,3.6,45.766666666666666,45.766666666666666,Medium,0.004213741849057347,low,79220,0,Internal Repair,SingleRepair,0.2,0.021068709245286733,Normal
548,대형가전,Internal,ImmediateRepair,318791,43.7,1.8,40.833333333333336,40.833333333333336,Medium,0.2450140117412975,high,442986,0,Immediate Repair,SingleRepair,1.0000000000000002,0.24501401174129744,VIP
549,IT/소형가전,Internal,ImmediateRepair,91180,210.81666666666666,1.8,207.93333333333334,207.93333333333334,Low,0.0036695248320561067,low,74800,1,Immediate Repair,SingleRepair,0.2,0.018347624160280532,Normal
550,IT/소형가전,Internal,InternRepair > InternRepair,123654,325.3333333333333,32.45,292.5333333333333,292.53333333333336,Medium,0.00483700577214791,low,84282,1,Internal Redo,MultipleRepair,0.2,0.024185028860739546,Normal
551,IT/소형가전,Internal,ImmediateRepair,111667,155.83333333333334,2.2,151.56666666666666,151.56666666666666,Low,0.004091723961308878,low,78229,0,Immediate Repair,SingleRepair,0.2,0.02045861980654439,Normal
552,IT/소형가전,Internal,InternRepair > InternRepair,116384,12.816666666666666,6.8,5.55,5.55,Medium,0.002157537282559445,low,62520,0,Internal Redo,MultipleRepair,0.2,0.010787686412797225,Normal
553,생활가전,Internal,InternRepair,165721,207.26666666666668,4.0,202.63333333333333,202.63333333333333,Medium,0.01148999724197711,low,138316,1,Internal Repair,SingleRepair,0.2,0.05744998620988555,Normal
554,생활가전,Internal,ImmediateRepair,229003,113.11666666666666,2.0,110.23333333333333,110.23333333333333,Low,0.048529629045921084,medium,176379,0,Immediate Repair,SingleRepair,0.6000000000000001,0.08088271507653513,Normal
555,IT/소형가전,External,ImmediateRepair > ExternRepair,295184,184.93333333333334,4.8,179.23333333333335,179.23333333333332,Low,0.0021417771517503598,low,62392,1,External Repair,MultipleRepair,0.2,0.010708885758751799,Normal
556,대형가전,Internal,InternRepair,359041,9.833333333333334,3.6,5.533333333333333,5.533333333333333,Low,0.1724330686944702,high,325089,0,Internal Repair,SingleRepair,1.0000000000000002,0.17243306869447017,Normal
557,대형가전,Internal,ImmediateRepair > InternRepair,364869,38.93333333333333,5.1,20.583333333333336,19.483333333333334,Medium,0.1616810888280373,high,307624,0,Internal Repair,MultipleRepair,1.0000000000000002,0.16168108882803728,Normal
558,생활가전,Internal,InternRepair,150690,11.166666666666666,3.6,6.85,6.85,Low,0.00649452827958472,low,97744,0,Internal Repair,SingleRepair,0.2,0.0324726413979236,Normal
560,IT/소형가전,Internal,ImmediateRepair,179820,35.083333333333336,2.0,31.933333333333334,31.933333333333334,High,0.0037435235712456414,low,75401,0,Immediate Repair,SingleRepair,0.2,0.018717617856228205,Normal
561,생활가전,Internal,ImmediateRepair,207177,63.21666666666667,1.8,60.26666666666667,60.266666666666666,Medium,0.05731898012253503,medium,200174,0,Immediate Repair,SingleRepair,0.6000000000000001,0.09553163353755836,Normal
562,IT/소형가전,Internal,ImmediateRepair,102841,24.666666666666668,1.8,21.816666666666666,21.816666666666666,Low,0.001453995193160103,low,56806,0,Immediate Repair,SingleRepair,0.2,0.007269975965800514,Normal
563,IT/소형가전,Internal,ImmediateRepair,107971,100.0,2.0,97.38333333333334,97.38333333333334,Medium,0.0027741524004649245,low,67528,0,Immediate Repair,SingleRepair,0.2,0.013870762002324621,Normal
564,정밀/의료기기,Internal,InternRepair,352189,156.26666666666668,3.6,152.06666666666666,152.06666666666666,High,0.21195221232836237,high,389282,0,Internal Repair,SingleRepair,1.0000000000000002,0.2119522123283623,VIP
565,정밀/의료기기,External,ImmediateRepair > ExternRepair,945686,59.88333333333333,3.6,55.3,55.3,Low,0.47416877622584275,high,815214,0,External Repair,MultipleRepair,1.0000000000000002,0.47416877622584264,VIP
566,생활가전,Internal,ImmediateRepair > InternRepair,156941,114.21666666666667,4.2,108.96666666666667,108.96666666666667,Low,0.03105213648273281,medium,129063,0,Internal Repair,MultipleRepair,0.6000000000000001,0.05175356080455468,Normal
567,IT/소형가전,Internal,ImmediateRepair,149876,109.56666666666666,2.0,106.61666666666667,106.61666666666666,Low,0.007576067256358227,low,106528,0,Immediate Repair,SingleRepair,0.2,0.03788033628179113,Normal
568,대형가전,Internal,InternRepair,582932,68.46666666666667,4.033333333333333,61.36666666666666,61.36666666666667,Low,0.20770128642067737,high,382377,0,Internal Repair,SingleRepair,1.0000000000000002,0.2077012864206773,Normal
569,생활가전,Internal,ImmediateRepair,214781,199.31666666666666,2.2,196.26666666666665,196.26666666666668,Medium,0.04134670317763638,medium,156933,1,Immediate Repair,SingleRepair,0.6000000000000001,0.0689111719627273,Normal
570,생활가전,Internal,InternRepair,193748,10.866666666666667,3.2,6.966666666666667,6.966666666666667,High,0.01275006895057229,low,148550,0,Internal Repair,SingleRepair,0.2,0.06375034475286145,Normal
572,대형가전,External,ExternRepair,457496,156.83333333333334,6.6,149.33333333333334,149.33333333333334,Low,0.20105494375603322,high,371581,0,External Repair,SingleRepair,1.0000000000000002,0.20105494375603317,Normal
573,IT/소형가전,Internal,ImmediateRepair,82933,28.666666666666668,2.0,25.433333333333334,25.433333333333334,Medium,0.00146421465298162,low,56889,0,Immediate Repair,SingleRepair,0.2,0.0073210732649081,Normal
574,생활가전,External,InternRepair > ExternRepair,394991,16.466666666666665,8.4,7.283333333333334,7.283333333333333,Low,0.015717652331514353,low,172652,0,External Repair,MultipleRepair,0.2,0.07858826165757175,Normal
575,생활가전,Internal,ImmediateRepair,130934,141.56666666666666,2.0,138.55,138.55,Medium,0.02557425976635606,medium,114233,0,Immediate Repair,SingleRepair,0.6000000000000001,0.0426237662772601,Normal
576,IT/소형가전,Internal,InternRepair,95966,38.18333333333333,4.033333333333333,33.25,33.25,Medium,0.0007903459348712589,low,51416,0,Internal Repair,SingleRepair,0.2,0.003951729674356294,Normal
577,IT/소형가전,Internal,ImmediateRepair,119132,202.55,1.8,200.1,200.1,Low,0.0016798083174090345,low,58640,1,Immediate Repair,SingleRepair,0.2,0.008399041587045172,Normal
579,대형가전,Internal,InternRepair,199867,212.8,3.6,175.68333333333334,175.68333333333334,Low,0.12491011800397946,high,247895,1,Internal Repair,SingleRepair,1.0000000000000002,0.12491011800397943,Normal
580,정밀/의료기기,Internal,InternRepair,579047,291.4166666666667,4.0,286.6,286.6,Medium,0.45348545142924696,high,781617,1,Internal Repair,SingleRepair,1.0000000000000002,0.45348545142924684,VIP
581,생활가전,Internal,ImmediateRepair,217532,19.683333333333334,1.8,11.533333333333333,11.533333333333333,High,0.05181450818541795,medium,185272,0,Immediate Repair,SingleRepair,0.6000000000000001,0.08635751364236323,Normal
582,대형가전,Internal,InternRepair,469002,329.03333333333336,3.6,314.1666666666667,314.1666666666667,Low,0.2545605878528792,high,458493,1,Internal Repair,SingleRepair,1.0000000000000002,0.25456058785287916,VIP
583,정밀/의료기기,External,ExternRepair,1020106,18.016666666666666,11.2,6.383333333333334,6.383333333333334,Low,0.7026857479167078,high,1186406,0,External Repair,SingleRepair,1.0000000000000002,0.7026857479167077,VIP
584,IT/소형가전,Internal,InternRepair,133623,199.03333333333333,3.6,194.54999999999998,194.55,Low,0.0049571767695671875,low,85258,1,Internal Repair,SingleRepair,0.2,0.024785883847835935,Normal
585,IT/소형가전,Internal,ImmediateRepair,120295,24.0,2.2,20.833333333333332,20.833333333333332,Medium,0.0009126100746636196,low,52409,0,Immediate Repair,SingleRepair,0.2,0.004563050373318098,Normal
586,IT/소형가전,Internal,ImmediateRepair,193739,23.866666666666667,2.2,20.549999999999997,20.55,Low,0.0038217085951813405,low,76036,0,Immediate Repair,SingleRepair,0.2,0.019108542975906702,Normal
587,IT/소형가전,Internal,ImmediateRepair,115178,9.183333333333334,2.0,6.433333333333334,6.433333333333334,Medium,0.001511495045408877,low,57273,0,Immediate Repair,SingleRepair,0.2,0.007557475227044384,Normal
589,생활가전,Internal,ImmediateRepair,125178,60.55,2.2,57.300000000000004,57.3,Medium,0.0329248832765312,medium,134133,0,Immediate Repair,SingleRepair,0.6000000000000001,0.05487480546088533,Normal
590,IT/소형가전,Internal,ImmediateRepair,127834,247.38333333333333,2.2,241.98333333333332,241.98333333333332,Medium,0.004894998128484467,low,84753,1,Immediate Repair,SingleRepair,0.2,0.024474990642422333,Normal
591,생활가전,Internal,InternRepair,195958,119.63333333333334,4.0,114.95,114.95,Medium,0.007305313134099012,low,104329,0,Internal Repair,SingleRepair,0.2,0.03652656567049506,Normal
592,IT/소형가전,External,InternRepair > ExternRepair,254381,128.2,7.7,119.61666666666667,119.61666666666666,Low,0.0024990888674376005,low,65294,0,External Repair,MultipleRepair,0.2,0.012495444337188001,Normal
593,IT/소형가전,External,InternRepair > ExternRepair,275515,13.55,8.4,4.4,4.4,Low,0.0006920913693583657,low,50618,0,External Repair,MultipleRepair,0.2,0.0034604568467918283,Normal
594,정밀/의료기기,Internal,InternRepair > InternRepair,622602,33.46666666666667,18.066666666666666,14.45,14.45,Low,0.5307131705443157,high,907062,0,Internal Redo,MultipleRepair,1.0000000000000002,0.5307131705443155,VIP
595,IT/소형가전,Internal,ImmediateRepair,104156,180.3,1.8,177.41666666666669,177.41666666666666,Low,0.00297743346269774,low,69179,1,Immediate Repair,SingleRepair,0.2,0.0148871673134887,Normal
596,IT/소형가전,Internal,ImmediateRepair,194097,149.53333333333333,1.8,147.03333333333333,147.03333333333333,High,0.002342472567522311,low,64022,0,Immediate Repair,SingleRepair,0.2,0.011712362837611554,Normal
597,생활가전,External,ExternRepair,376186,16.95,9.6,6.5,6.5,Medium,0.027744109651110106,low,270328,0,External Repair,SingleRepair,0.2,0.13872054825555052,Normal
598,생활가전,Internal,InternRepair,152594,13.783333333333333,3.2,7.883333333333333,7.883333333333334,High,0.0075755747522704454,low,106524,0,Internal Repair,SingleRepair,0.2,0.037877873761352224,Normal
599,생활가전,Internal,InternRepair,189343,118.65,4.0,114.01666666666667,114.01666666666667,Medium,0.04016358523275744,medium,153730,0,Internal Repair,SingleRepair,0.6000000000000001,0.06693930872126239,Normal
600,생활가전,Internal,InternRepair,256404,77.48333333333333,4.033333333333333,70.11666666666667,70.11666666666666,Low,0.009188648765784757,low,119625,0,Internal Repair,SingleRepair,0.2,0.045943243828923785,Normal
601,IT/소형가전,External,ImmediateRepair > ExternRepair,272317,107.88333333333334,4.4,100.9,100.9,Low,0.00571834183723725,low,91440,0,External Repair,MultipleRepair,0.2,0.028591709186186247,Normal
602,IT/소형가전,Internal,ImmediateRepair,117881,24.3,1.1,5.25,5.25,Low,0.002464244203226887,low,65011,0,Immediate Repair,SingleRepair,0.2,0.012321221016134434,Normal
603,정밀/의료기기,External,ExternRepair,700313,145.75,6.0,138.68333333333334,138.68333333333334,Low,0.36581972380370764,high,639217,0,External Repair,SingleRepair,1.0000000000000002,0.3658197238037076,VIP
604,대형가전,Internal,InternRepair,258806,218.15,4.4,206.03333333333333,206.03333333333333,Medium,0.22683507023108296,high,413457,1,Internal Repair,SingleRepair,1.0000000000000002,0.2268350702310829,VIP
605,대형가전,Internal,InternRepair,494709,10.883333333333333,3.2,7.1000000000000005,7.1,Low,0.2495530525403361,high,450359,0,Internal Repair,SingleRepair,1.0000000000000002,0.24955305254033605,VIP
606,생활가전,Internal,ImmediateRepair,249637,21.716666666666665,2.2,18.616666666666667,18.616666666666667,High,0.05726394279072517,medium,200025,0,Immediate Repair,SingleRepair,0.6000000000000001,0.0954399046512086,Normal
607,생활가전,Internal,ImmediateRepair,169095,126.46666666666667,1.8,124.0,124.0,Low,0.03989283111049822,medium,152997,0,Immediate Repair,SingleRepair,0.6000000000000001,0.06648805185083036,Normal
608,IT/소형가전,Internal,InternRepair,123144,69.41666666666667,4.0,64.68333333333334,64.68333333333334,Low,0.00535241130001379,low,88468,0,Internal Repair,SingleRepair,0.2,0.02676205650006895,Normal
609,IT/소형가전,Internal,ImmediateRepair,86146,67.98333333333333,2.0,65.26666666666667,65.26666666666667,Medium,0.0020021522428636156,low,61258,0,Immediate Repair,SingleRepair,0.2,0.010010761214318077,Normal
610,생활가전,Internal,InternRepair,210933,164.75,4.033333333333333,159.85,159.85,Low,0.018281997990583325,medium,94491,0,Internal Repair,SingleRepair,0.6000000000000001,0.030469996650972206,Normal
611,생활가전,Internal,InternRepair,104010,98.28333333333333,4.0,93.26666666666667,93.26666666666667,High,0.007871323456984694,low,108926,0,Internal Repair,SingleRepair,0.2,0.03935661728492347,Normal
612,대형가전,Internal,ImmediateRepair,213878,24.616666666666667,1.8,21.65,21.65,High,0.09159529461594533,high,193780,0,Immediate Repair,SingleRepair,1.0000000000000002,0.09159529461594532,Normal
613,생활가전,External,ImmediateRepair > InternRepair > ExternRepair,296617,28.933333333333334,6.966666666666667,22.03333333333333,21.266666666666666,Low,0.011506496128917871,low,138450,0,External Repair,MultipleRepair,0.2,0.05753248064458935,Normal
614,정밀/의료기기,External,ExternRepair,1049671,190.08333333333334,8.4,180.8,180.8,Medium,0.7093142373081698,high,1197173,1,External Repair,SingleRepair,1.0000000000000002,0.7093142373081697,VIP
616,정밀/의료기기,External,ExternRepair,963357,16.3,6.6,8.850000000000001,8.85,Medium,0.5431766021157977,high,927307,0,External Repair,SingleRepair,1.0000000000000002,0.5431766021157975,VIP
617,생활가전,Internal,InternRepair,196742,403.5,3.6,399.0833333333333,399.0833333333333,Medium,0.052466091093556086,medium,187036,1,Internal Repair,SingleRepair,0.6000000000000001,0.0874434851559268,Normal
618,정밀/의료기기,Internal,InternRepair,755724,176.98333333333332,3.6,172.53333333333333,172.53333333333333,High,0.5609486121234807,high,956175,1,Internal Repair,SingleRepair,1.0000000000000002,0.5609486121234806,VIP
619,생활가전,Internal,InternRepair > InternRepair,211081,158.33333333333334,11.2,146.65,146.65,Medium,0.05793067019956267,medium,201830,0,Internal Redo,MultipleRepair,0.6000000000000001,0.0965511169992711,Normal
620,정밀/의료기기,Internal,InternRepair,1235474,151.53333333333333,4.0,146.75,146.75,Medium,0.6538982929808319,high,1107158,0,Internal Repair,SingleRepair,1.0000000000000002,0.6538982929808318,VIP
621,IT/소형가전,Internal,ImmediateRepair,79115,19.85,1.8,17.2,17.2,Low,0.005119826244557831,low,86579,0,Immediate Repair,SingleRepair,0.2,0.025599131222789152,Normal
622,생활가전,Internal,InternRepair,211069,27.766666666666666,2.6666666666666665,7.7,7.7,Medium,0.011400730876066273,low,137591,0,Internal Repair,SingleRepair,0.2,0.057003654380331364,Normal
623,생활가전,Internal,ImmediateRepair,206681,219.1,1.8,205.03333333333333,205.03333333333333,High,0.048734264494395316,medium,176933,1,Immediate Repair,SingleRepair,0.6000000000000001,0.08122377415732551,Normal
624,IT/소형가전,Internal,InternRepair,103982,12.05,4.033333333333333,7.300000000000001,7.3,Low,0.0037202527530978513,low,75212,0,Internal Repair,SingleRepair,0.2,0.018601263765489255,Normal
625,생활가전,Internal,InternRepair,121281,86.08333333333333,4.0,81.21666666666667,81.21666666666667,Medium,0.012064257008333171,low,142980,0,Internal Repair,SingleRepair,0.2,0.060321285041665854,Normal
626,대형가전,Internal,ImmediateRepair,322816,27.966666666666665,1.8,4.35,4.35,Medium,0.19741595417741975,high,365670,0,Immediate Repair,SingleRepair,1.0000000000000002,0.1974159541774197,Normal
627,대형가전,Internal,InternRepair,332108,316.1,3.6,311.5,311.5,High,0.20311607336340898,high,374929,1,Internal Repair,SingleRepair,1.0000000000000002,0.20311607336340892,Normal
628,IT/소형가전,Internal,InternRepair > InternRepair,188740,199.86666666666667,14.516666666666667,184.60000000000002,184.6,High,0.0014796054057248681,low,57014,1,Internal Redo,MultipleRepair,0.2,0.0073980270286243405,Normal
629,생활가전,Internal,InternRepair,105535,10.2,4.4,5.016666666666667,5.016666666666667,Low,0.005812779496069818,low,92207,0,Internal Repair,SingleRepair,0.2,0.029063897480349085,Normal
630,IT/소형가전,Internal,InternRepair,121293,20.866666666666667,4.0,16.21666666666667,16.216666666666665,Low,0.0050560469651898116,low,86061,0,Internal Repair,SingleRepair,0.2,0.025280234825949058,Normal
632,IT/소형가전,Internal,ImmediateRepair,151628,37.733333333333334,2.2,34.6,34.6,Medium,0.005318305391934754,low,88191,0,Immediate Repair,SingleRepair,0.2,0.02659152695967377,Normal
633,대형가전,Internal,ImmediateRepair,280593,184.0,1.8,181.18333333333334,181.18333333333334,Medium,0.12273263430586477,high,244358,1,Immediate Repair,SingleRepair,1.0000000000000002,0.12273263430586474,Normal
634,생활가전,Internal,InternRepair,267621,18.633333333333333,4.4,9.05,9.05,Medium,0.01697760091408759,low,182885,0,Internal Repair,SingleRepair,0.2,0.08488800457043794,Normal
635,생활가전,Internal,InternRepair,112379,332.03333333333336,3.6,310.09999999999997,310.1,Low,0.007102278323910089,low,102680,1,Internal Repair,SingleRepair,0.2,0.03551139161955044,Normal
636,생활가전,Internal,ImmediateRepair,208944,22.016666666666666,1.8,12.716666666666669,12.716666666666667,Medium,0.04312562794271193,medium,161749,0,Immediate Repair,SingleRepair,0.6000000000000001,0.07187604657118654,Normal
637,IT/소형가전,Internal,ImmediateRepair,190383,17.083333333333332,1.8,14.45,14.45,Low,0.0023856898012253507,low,64373,0,Immediate Repair,SingleRepair,0.2,0.011928449006126753,Normal
638,IT/소형가전,Internal,ImmediateRepair,71918,66.31666666666666,1.8,61.93333333333333,61.93333333333333,Low,5.49142057879079e-05,low,45443,0,Immediate Repair,SingleRepair,0.2,0.0002745710289395395,Normal
639,생활가전,Internal,ImmediateRepair,237471,27.2,1.8,24.6,24.6,Medium,0.06088828037272711,medium,209837,0,Immediate Repair,SingleRepair,0.6000000000000001,0.1014804672878785,Normal
640,생활가전,Internal,ImmediateRepair,137569,294.3833333333333,2.0,291.68333333333334,291.68333333333334,Medium,0.03276198754949667,medium,133692,1,Immediate Repair,SingleRepair,0.6000000000000001,0.05460331258249444,Normal
641,정밀/의료기기,Internal,InternRepair,1085895,12.533333333333333,4.4,7.716666666666666,7.716666666666667,Medium,0.952965859616635,high,1592949,0,Internal Repair,SingleRepair,1.0000000000000002,0.9529658596166348,VIP
642,대형가전,External,InternRepair > ExternRepair,490523,234.76666666666668,6.966666666666667,227.4,227.4,High,0.12378474616339318,high,246067,1,External Repair,MultipleRepair,1.0000000000000002,0.12378474616339315,Normal
643,생활가전,Internal,InternRepair,263658,257.71666666666664,3.6,250.31666666666666,250.31666666666666,Medium,0.014111103997163178,low,159604,1,Internal Repair,SingleRepair,0.2,0.07055551998581588,Normal
644,대형가전,Internal,InternRepair,347229,167.23333333333332,3.6666666666666665,162.45,162.45,Medium,0.28202507830815,high,503105,1,Internal Repair,SingleRepair,1.0000000000000002,0.28202507830814993,VIP
645,대형가전,Internal,ImmediateRepair > InternRepair,379459,27.583333333333332,3.6,23.21666666666667,23.216666666666665,Medium,0.21295137999645403,high,390905,0,Internal Repair,MultipleRepair,1.0000000000000002,0.21295137999645397,VIP
646,대형가전,External,ExternRepair,400140,78.25,6.0,60.55,60.55,Low,0.20386221705640162,high,376141,0,External Repair,SingleRepair,1.0000000000000002,0.20386221705640156,Normal
647,정밀/의료기기,Internal,ImmediateRepair,890440,44.06666666666667,2.0,41.23333333333333,41.233333333333334,Low,0.6715791897322749,high,1135878,0,Immediate Repair,SingleRepair,1.0000000000000002,0.6715791897322748,VIP
648,대형가전,Internal,InternRepair,431818,332.6333333333333,4.4,327.26666666666665,327.26666666666665,Medium,0.15086262090975358,high,290051,1,Internal Repair,SingleRepair,1.0000000000000002,0.15086262090975355,Normal
649,대형가전,Internal,ImmediateRepair,522383,23.983333333333334,1.8,15.716666666666667,15.716666666666667,High,0.23969804574377973,high,434351,0,Immediate Repair,SingleRepair,1.0000000000000002,0.23969804574377968,VIP
650,IT/소형가전,Internal,InternRepair,98839,192.43333333333334,3.6,188.23333333333332,188.23333333333332,Medium,0.001709851066763854,low,58884,1,Internal Repair,SingleRepair,0.2,0.00854925533381927,Normal
651,대형가전,External,ExternRepair,521314,134.48333333333332,5.4,128.03333333333333,128.03333333333333,Low,0.27521990307519556,high,492051,0,External Repair,SingleRepair,1.0000000000000002,0.2752199030751955,VIP
652,IT/소형가전,Internal,ImmediateRepair,121052,39.95,1.8,37.13333333333333,37.13333333333333,Low,0.0016247709855991806,low,58193,0,Immediate Repair,SingleRepair,0.2,0.008123854927995902,Normal
653,생활가전,External,ImmediateRepair > InternRepair > ExternRepair,407507,14.3,6.0,4.383333333333334,4.383333333333334,Low,0.04610835582435335,medium,169824,0,External Repair,MultipleRepair,0.6000000000000001,0.07684725970725557,Normal
654,생활가전,Internal,ImmediateRepair,203780,12.933333333333334,2.0,9.983333333333334,9.983333333333333,Medium,0.0782121116605268,medium,256737,0,Immediate Repair,SingleRepair,0.6000000000000001,0.1303535194342113,Normal
655,정밀/의료기기,Internal,InternRepair,443688,11.883333333333333,4.4,6.9833333333333325,6.983333333333333,High,0.2921331090798054,high,519524,0,Internal Repair,SingleRepair,1.0000000000000002,0.29213310907980533,VIP
656,정밀/의료기기,Internal,InternRepair,957492,65.03333333333333,4.0,34.56666666666667,34.56666666666667,Medium,0.443378651917811,high,765200,0,Internal Repair,SingleRepair,1.0000000000000002,0.4433786519178109,VIP
657,생활가전,External,InternRepair > ExternRepair,442905,238.4,8.4,229.63333333333333,229.63333333333333,Medium,0.02134820531510412,low,218382,1,External Repair,MultipleRepair,0.2,0.10674102657552058,Normal
658,대형가전,Internal,InternRepair,234785,363.55,3.6666666666666665,359.3333333333333,359.3333333333333,Medium,0.10017348456492191,high,207714,1,Internal Repair,SingleRepair,1.0000000000000002,0.10017348456492188,Normal
659,대형가전,Internal,InternRepair,229996,153.68333333333334,3.3,149.33333333333334,149.33333333333334,Medium,0.11485626268198028,high,231564,0,Internal Repair,SingleRepair,1.0000000000000002,0.11485626268198025,Normal
660,IT/소형가전,Internal,ImmediateRepair,132155,29.566666666666666,2.0,26.633333333333333,26.633333333333333,Medium,0.0036292626228797698,low,74473,0,Immediate Repair,SingleRepair,0.2,0.01814631311439885,Normal
661,IT/소형가전,External,ImmediateRepair > ExternRepair,193857,133.36666666666667,4.8,127.8,127.8,Medium,0.005989588463584248,low,93643,0,External Repair,MultipleRepair,0.2,0.029947942317921236,Normal
662,IT/소형가전,Internal,ImmediateRepair,134784,13.866666666666667,2.2,5.566666666666666,5.566666666666666,Medium,0.0035342093339374714,low,73701,0,Immediate Repair,SingleRepair,0.2,0.017671046669687357,Normal
664,정밀/의료기기,External,InternRepair > ExternRepair,1377978,17.033333333333335,6.8,9.716666666666667,9.716666666666667,Medium,0.5876657276255394,high,999573,0,External Repair,MultipleRepair,1.0000000000000002,0.5876657276255393,VIP
665,생활가전,Internal,InternRepair,261390,5.233333333333333,2.8,1.85,1.85,Low,0.012728029392643959,low,148371,0,Internal Repair,SingleRepair,0.2,0.06364014696321979,Normal
666,정밀/의료기기,Internal,ImmediateRepair,974712,181.73333333333332,2.2,178.58333333333334,178.58333333333334,Low,0.5655270532495421,high,963612,1,Immediate Repair,SingleRepair,1.0000000000000002,0.565527053249542,VIP
667,생활가전,Internal,InternRepair,336046,9.516666666666667,2.8,6.166666666666667,6.166666666666667,Low,0.01864608163747759,low,196436,0,Internal Repair,SingleRepair,0.2,0.09323040818738795,Normal
668,정밀/의료기기,Internal,InternRepair,1311672,27.233333333333334,3.6,22.833333333333332,22.833333333333332,Medium,0.8527665185871045,high,1430190,0,Internal Repair,SingleRepair,1.0000000000000002,0.8527665185871043,VIP
669,IT/소형가전,Internal,ImmediateRepair,96762,46.88333333333333,1.8,44.18333333333333,44.18333333333333,High,0.002890137113138039,low,68470,0,Immediate Repair,SingleRepair,0.2,0.014450685565690194,Normal
670,대형가전,Internal,InternRepair,340512,180.48333333333332,3.6666666666666665,170.28333333333333,170.28333333333333,Medium,0.12979637418490578,high,255832,1,Internal Repair,SingleRepair,1.0000000000000002,0.12979637418490575,Normal
671,IT/소형가전,Internal,InternRepair,92493,36.21666666666667,4.0,31.033333333333335,31.033333333333335,Low,0.004342162289947007,low,80263,0,Internal Repair,SingleRepair,0.2,0.02171081144973503,Normal
672,생활가전,Internal,ImmediateRepair,124855,11.833333333333334,1.8,9.016666666666666,9.016666666666667,Low,0.021678429305963247,medium,103686,0,Immediate Repair,SingleRepair,0.6000000000000001,0.03613071550993874,Normal
673,대형가전,Internal,InternRepair,427642,151.86666666666667,3.6,147.6,147.6,Medium,0.25474835503634685,high,458798,0,Internal Repair,SingleRepair,1.0000000000000002,0.2547483550363468,VIP
674,정밀/의료기기,External,ExternRepair,719757,21.933333333333334,12.0,5.483333333333334,5.483333333333333,High,0.44107619530742115,high,761460,0,External Repair,SingleRepair,1.0000000000000002,0.44107619530742104,VIP
675,대형가전,Internal,InternRepair,404147,11.033333333333333,4.0,6.116666666666667,6.116666666666666,Medium,0.17654178404680762,high,331763,0,Internal Repair,SingleRepair,1.0000000000000002,0.1765417840468076,Normal
677,IT/소형가전,External,ImmediateRepair > ExternRepair,189573,131.23333333333332,4.2,100.58333333333334,100.58333333333333,Medium,0.0031503023975098994,low,70583,0,External Repair,MultipleRepair,0.2,0.015751511987549496,Normal
678,생활가전,Internal,InternRepair,131431,13.4,4.4,8.316666666666666,8.316666666666666,Medium,0.007138723626406099,low,102976,0,Internal Repair,SingleRepair,0.2,0.035693618132030494,Normal
679,IT/소형가전,Internal,InternRepair,150390,247.78333333333333,3.6,224.41666666666666,224.41666666666666,Low,0.002331391225547172,low,63932,1,Internal Repair,SingleRepair,0.2,0.01165695612773586,Normal
680,IT/소형가전,Internal,InternRepair,135986,59.3,4.4,54.266666666666666,54.266666666666666,Medium,0.004791326018005949,low,83911,0,Internal Repair,SingleRepair,0.2,0.023956630090029747,Normal
681,대형가전,Internal,InternRepair,386190,284.15,4.0,279.26666666666665,279.26666666666665,High,0.2539714298378677,high,457536,1,Internal Repair,SingleRepair,1.0000000000000002,0.25397142983786763,VIP
682,대형가전,External,ExternRepair,417498,26.45,7.8,12.9,12.9,Medium,0.21504390673942597,high,394304,0,External Repair,SingleRepair,1.0000000000000002,0.21504390673942592,VIP
683,정밀/의료기기,External,ExternRepair,1158773,171.75,6.6,162.33333333333331,162.33333333333334,Low,1.0000000000000004,high,1669349,1,External Repair,SingleRepair,1.0000000000000002,1.0000000000000002,VIP
684,정밀/의료기기,Internal,InternRepair,1517196,310.98333333333335,3.6,306.3666666666667,306.3666666666667,High,0.6175416412206223,high,1048102,1,Internal Repair,SingleRepair,1.0000000000000002,0.6175416412206222,VIP
685,생활가전,Internal,ImmediateRepair,158099,10.2,2.0,7.233333333333333,7.233333333333333,High,0.0374512420953094,medium,146387,0,Immediate Repair,SingleRepair,0.6000000000000001,0.06241873682551566,Normal
686,대형가전,Internal,InternRepair,369013,82.5,4.4,77.05,77.05,Medium,0.2019014351569119,high,372956,0,Internal Repair,SingleRepair,1.0000000000000002,0.20190143515691183,Normal
687,IT/소형가전,Internal,InternRepair,93059,8.733333333333333,2.4,5.933333333333334,5.933333333333334,Low,0.0013723626406099171,low,56143,0,Internal Repair,SingleRepair,0.2,0.006861813203049585,Normal
688,IT/소형가전,Internal,InternRepair,100134,214.35,4.4,209.51666666666668,209.51666666666668,Low,0.0016710663698508697,low,58569,1,Internal Repair,SingleRepair,0.2,0.008355331849254348,Normal
689,대형가전,External,ImmediateRepair > ExternRepair,535190,24.75,4.6,19.283333333333335,19.283333333333335,High,0.22837414550540774,high,415957,0,External Repair,MultipleRepair,1.0000000000000002,0.2283741455054077,VIP
690,정밀/의료기기,External,ExternRepair,536989,47.25,6.6,39.583333333333336,39.583333333333336,Medium,0.3400937727783141,high,597429,0,External Repair,SingleRepair,1.0000000000000002,0.34009377277831404,VIP
691,IT/소형가전,Internal,InternRepair,194895,274.05,3.6666666666666665,259.1333333333333,259.1333333333333,Low,0.00459580189515573,low,82323,1,Internal Repair,SingleRepair,0.2,0.022979009475778647,Normal
693,생활가전,Internal,InternRepair,233136,377.55,4.0,372.5833333333333,372.5833333333333,Medium,0.06284967790232661,medium,215147,1,Internal Repair,SingleRepair,0.6000000000000001,0.10474946317054433,Normal
694,생활가전,Internal,ImmediateRepair,249199,13.816666666666666,2.0,10.733333333333334,10.733333333333333,High,0.06462601702094128,medium,219956,0,Immediate Repair,SingleRepair,0.6000000000000001,0.10771002836823547,Normal
695,IT/소형가전,Internal,InternRepair,109585,11.116666666666667,3.2,7.35,7.35,Medium,0.0029855597801461756,low,69245,0,Internal Repair,SingleRepair,0.2,0.014927798900730878,Normal
696,IT/소형가전,Internal,ImmediateRepair,108773,8.883333333333333,1.1,5.816666666666666,5.816666666666666,Low,0.005248616063513328,low,87625,0,Immediate Repair,SingleRepair,0.2,0.026243080317566635,Normal
698,대형가전,Internal,ImmediateRepair,393501,11.466666666666667,2.0,8.55,8.55,Low,0.31756540454285775,high,560835,0,Immediate Repair,SingleRepair,1.0000000000000002,0.3175654045428577,VIP
699,대형가전,External,ExternRepair,403747,225.2,9.0,212.38333333333333,212.38333333333333,High,0.2558644924252872,high,460611,1,External Repair,SingleRepair,1.0000000000000002,0.25586449242528714,VIP
700,IT/소형가전,Internal,ImmediateRepair,94175,53.56666666666667,2.0,44.46666666666666,44.46666666666667,High,0.003449621756860583,low,73014,0,Immediate Repair,SingleRepair,0.2,0.017248108784302912,Normal
701,대형가전,Internal,ImmediateRepair,355772,38.666666666666664,2.2,35.31666666666667,35.31666666666667,Medium,0.16326264257993342,high,310193,0,Immediate Repair,SingleRepair,1.0000000000000002,0.1632626425799334,Normal
702,IT/소형가전,Internal,ImmediateRepair,130130,27.7,2.0,13.9,13.9,Medium,0.002866127538858572,low,68275,0,Immediate Repair,SingleRepair,0.2,0.01433063769429286,Normal
703,정밀/의료기기,Internal,InternRepair,577658,35.833333333333336,4.4,29.666666666666664,29.666666666666668,Medium,0.48940192766099966,high,839958,0,Internal Repair,SingleRepair,1.0000000000000002,0.48940192766099955,VIP
704,IT/소형가전,Internal,ImmediateRepair,72973,199.83333333333334,1.8,197.18333333333334,197.18333333333334,Low,0.0010688569965130706,low,53678,1,Immediate Repair,SingleRepair,0.2,0.005344284982565353,Normal
707,대형가전,External,ExternRepair,519784,13.65,8.0,4.85,4.85,Low,0.3327148302830914,high,585443,0,External Repair,SingleRepair,1.0000000000000002,0.33271483028309135,VIP
708,생활가전,Internal,InternRepair,145328,12.633333333333333,4.4,7.266666666666667,7.266666666666667,Low,0.009064783987707098,low,118619,0,Internal Repair,SingleRepair,0.2,0.04532391993853549,Normal
709,IT/소형가전,Internal,ImmediateRepair,114316,82.91666666666667,1.8,80.38333333333333,80.38333333333334,Low,0.002598574693169953,low,66102,0,Immediate Repair,SingleRepair,0.2,0.012992873465849764,Normal
710,정밀/의료기기,Internal,InternRepair,540965,237.4,3.3,233.28333333333333,233.28333333333333,High,0.18671568724020413,high,348289,1,Internal Repair,SingleRepair,1.0000000000000002,0.1867156872402041,Normal
711,IT/소형가전,Internal,InternRepair,76310,186.9,4.033333333333333,182.41666666666669,182.41666666666666,Low,0.0018659748625913589,low,60152,1,Internal Repair,SingleRepair,0.2,0.009329874312956794,Normal
712,IT/소형가전,Internal,InternRepair,104001,21.2,3.3,17.15,17.15,Low,0.003080489943066528,low,70016,0,Internal Repair,SingleRepair,0.2,0.015402449715332639,Normal
713,생활가전,Internal,InternRepair,177440,319.46666666666664,3.6,314.8833333333333,314.8833333333333,Medium,0.006546733712889817,low,98168,1,Internal Repair,SingleRepair,0.2,0.032733668564449085,Normal
714,대형가전,Internal,InternRepair,345253,169.26666666666668,4.033333333333333,164.26666666666668,164.26666666666668,Low,0.27214421504698494,high,487055,1,Internal Repair,SingleRepair,1.0000000000000002,0.2721442150469849,VIP
715,대형가전,Internal,InternRepair,515030,4.8,2.933333333333333,1.3499999999999999,1.35,Low,0.2866330696794784,high,510590,0,Internal Repair,SingleRepair,1.0000000000000002,0.2866330696794783,VIP
716,정밀/의료기기,Internal,InternRepair,673469,151.33333333333334,4.4,146.08333333333334,146.08333333333334,Medium,0.37651383443982595,high,656588,0,Internal Repair,SingleRepair,1.0000000000000002,0.37651383443982583,VIP
717,IT/소형가전,Internal,InternRepair,137399,261.3,3.6666666666666665,256.5833333333333,256.5833333333333,Low,0.004621042729654657,low,82528,1,Internal Repair,SingleRepair,0.2,0.02310521364827328,Normal
719,생활가전,External,ImmediateRepair > ExternRepair,331724,28.933333333333334,5.0,9.533333333333333,9.533333333333333,Medium,0.012561193632907154,low,147016,0,External Repair,MultipleRepair,0.2,0.06280596816453576,Normal
720,IT/소형가전,Internal,InternRepair,181257,107.3,4.033333333333333,102.7,102.7,High,0.0012024487303244611,low,54763,0,Internal Repair,SingleRepair,0.2,0.006012243651622305,Normal
721,대형가전,External,InternRepair > ExternRepair,337904,12.616666666666667,6.4,5.383333333333334,5.383333333333334,Low,0.13468016784539313,high,263765,0,External Repair,MultipleRepair,1.0000000000000002,0.1346801678453931,Normal
722,정밀/의료기기,Internal,InternRepair,374939,37.31666666666667,4.4,32.1,32.1,High,0.21349744390378445,high,391792,0,Internal Repair,SingleRepair,1.0000000000000002,0.2134974439037844,VIP
724,대형가전,Internal,InternRepair,558501,22.666666666666668,4.033333333333333,17.766666666666666,17.766666666666666,High,0.34423573215657693,high,604157,0,Internal Repair,SingleRepair,1.0000000000000002,0.3442357321565769,VIP
725,생활가전,Internal,InternRepair,225201,63.18333333333333,4.033333333333333,48.63333333333333,48.63333333333333,High,0.05931362167805993,medium,205574,0,Internal Repair,SingleRepair,0.6000000000000001,0.09885603613009987,Normal
726,생활가전,Internal,InternRepair,184182,376.98333333333335,3.6666666666666665,368.06666666666666,368.06666666666666,Medium,0.015054003073225509,low,167262,1,Internal Repair,SingleRepair,0.2,0.07527001536612754,Normal
727,대형가전,Internal,ImmediateRepair,527437,161.96666666666667,2.2,155.41666666666666,155.41666666666666,Medium,0.22200791454069074,high,405616,0,Immediate Repair,SingleRepair,1.0000000000000002,0.2220079145406907,VIP
728,생활가전,Internal,InternRepair,150513,161.96666666666667,3.6,157.28333333333333,157.28333333333333,Medium,0.0027553141191071885,low,67375,0,Internal Repair,SingleRepair,0.2,0.013776570595535942,Normal
729,IT/소형가전,External,ExternRepair,191485,147.88333333333333,6.0,136.58333333333331,136.58333333333334,Medium,0.014789282126041648,low,165112,0,External Repair,SingleRepair,0.2,0.07394641063020824,Normal
730,생활가전,Internal,InternRepair,141818,222.31666666666666,4.033333333333333,217.65,217.65,Low,0.010031446386005005,low,126470,1,Internal Repair,SingleRepair,0.2,0.050157231930025026,Normal
731,IT/소형가전,Internal,ImmediateRepair,140742,16.066666666666666,1.8,13.25,13.25,High,0.002850736786115325,low,68150,0,Immediate Repair,SingleRepair,0.2,0.014253683930576626,Normal
732,IT/소형가전,Internal,InternRepair,112963,12.616666666666667,4.0,7.883333333333333,7.883333333333334,Low,0.0011625558992139629,low,54439,0,Internal Repair,SingleRepair,0.2,0.005812779496069814,Normal
733,IT/소형가전,External,InternRepair > ExternRepair,249731,70.03333333333333,8.0,61.13333333333333,61.13333333333333,Medium,0.0005316581627627506,low,49315,0,External Repair,MultipleRepair,0.2,0.002658290813813753,Normal
734,생활가전,Internal,InternRepair,244224,201.5,4.0,196.81666666666666,196.81666666666666,Low,0.01624832548610154,low,176962,1,Internal Repair,SingleRepair,0.2,0.08124162743050768,Normal
735,대형가전,Internal,InternRepair,394084,65.11666666666666,4.033333333333333,56.2,56.2,Low,0.3149692923701267,high,556618,0,Internal Repair,SingleRepair,1.0000000000000002,0.31496929237012666,VIP
736,IT/소형가전,Internal,ImmediateRepair,123246,121.6,1.8,113.39999999999999,113.4,Low,0.004370358148972637,low,80492,0,Immediate Repair,SingleRepair,0.2,0.02185179074486318,Normal
737,생활가전,Internal,InternRepair,176710,52.86666666666667,4.0,47.73333333333334,47.733333333333334,Medium,0.00747276452394555,low,105689,0,Internal Repair,SingleRepair,0.2,0.037363822619727746,Normal
738,정밀/의료기기,Internal,ImmediateRepair,490500,6.166666666666667,1.0,4.7,4.7,Medium,0.30716310257875146,high,543938,0,Immediate Repair,SingleRepair,1.0000000000000002,0.3071631025787514,VIP
739,생활가전,Internal,ImmediateRepair,215501,18.366666666666667,2.0,15.4,15.4,Low,0.06863635468174387,medium,230813,0,Immediate Repair,SingleRepair,0.6000000000000001,0.1143939244695731,Normal
740,생활가전,Internal,InternRepair,169317,194.35,4.0,189.18333333333334,189.18333333333334,Low,0.051094959713165626,medium,183324,1,Internal Repair,SingleRepair,0.6000000000000001,0.08515826618860936,Normal
741,IT/소형가전,Internal,InternRepair,123013,99.63333333333334,4.0,94.93333333333334,94.93333333333334,Low,0.003902602391599851,low,76693,0,Internal Repair,SingleRepair,0.2,0.019513011957999253,Normal
742,대형가전,Internal,ImmediateRepair,432536,92.85,2.0,89.76666666666667,89.76666666666667,Medium,0.1589747788656646,high,303228,0,Immediate Repair,SingleRepair,1.0000000000000002,0.15897477886566458,Normal
743,IT/소형가전,Internal,InternRepair,123819,64.6,4.033333333333333,59.916666666666664,59.916666666666664,High,0.0017951773999724198,low,59577,0,Internal Repair,SingleRepair,0.2,0.008975886999862098,Normal
744,생활가전,Internal,InternRepair,217053,243.58333333333334,3.6,233.1833333333333,233.18333333333334,Low,0.015074688244912433,low,167430,1,Internal Repair,SingleRepair,0.2,0.07537344122456216,Normal
745,정밀/의료기기,Internal,InternRepair,625757,381.68333333333334,4.4,376.25,376.25,Medium,0.5376950316187625,high,918403,1,Internal Repair,SingleRepair,1.0000000000000002,0.5376950316187624,VIP
746,생활가전,External,ImmediateRepair > ExternRepair,384217,11.9,4.0,7.016666666666667,7.016666666666667,Low,0.05537235771556905,medium,194904,0,External Repair,MultipleRepair,0.6000000000000001,0.09228726285928174,Normal
748,대형가전,Internal,InternRepair,531264,44.03333333333333,4.4,38.583333333333336,38.583333333333336,Medium,0.21941611177872783,high,401406,0,Internal Repair,SingleRepair,1.0000000000000002,0.21941611177872777,VIP
749,생활가전,Internal,InternRepair,231883,7.016666666666667,2.8,3.7333333333333334,3.7333333333333334,Medium,0.043000039400327025,medium,161409,0,Internal Repair,SingleRepair,0.6000000000000001,0.07166673233387837,Normal
750,대형가전,Internal,InternRepair,351816,283.6666666666667,3.6666666666666665,279.55,279.55,Medium,0.2251476281003133,high,410716,1,Internal Repair,SingleRepair,1.0000000000000002,0.22514762810031325,VIP
751,생활가전,External,ExternRepair,246339,215.63333333333333,9.0,205.48333333333335,205.48333333333332,High,0.02132308760662714,low,218178,1,External Repair,SingleRepair,0.2,0.10661543803313568,Normal
752,IT/소형가전,Internal,ImmediateRepair,195627,123.95,2.2,103.35,103.35,Low,0.005914974094284983,low,93037,0,Immediate Repair,SingleRepair,0.2,0.029574870471424916,Normal
753,생활가전,Internal,InternRepair > InternRepair,258709,280.2,135.01666666666668,144.68333333333334,144.68333333333334,Medium,0.018590182423514116,low,195982,1,Internal Redo,MultipleRepair,0.2,0.09295091211757057,Normal
754,IT/소형가전,Internal,InternRepair,109982,10.883333333333333,2.8,7.583333333333333,7.583333333333333,Low,0.0025554805854888594,low,65752,0,Internal Repair,SingleRepair,0.2,0.012777402927444295,Normal
755,정밀/의료기기,Internal,InternRepair,939166,127.3,4.0,122.36666666666667,122.36666666666666,Low,0.5793688806367094,high,986096,0,Internal Repair,SingleRepair,1.0000000000000002,0.5793688806367093,VIP
757,IT/소형가전,Internal,InternRepair,137161,43.03333333333333,3.6,38.63333333333333,38.63333333333333,Low,0.004027698429896968,low,77709,0,Internal Repair,SingleRepair,0.2,0.020138492149484842,Normal
758,생활가전,Internal,InternRepair,216858,241.91666666666666,4.0,237.18333333333334,237.18333333333334,Low,0.04766676188412365,medium,174043,1,Internal Repair,SingleRepair,0.6000000000000001,0.07944460314020607,Normal
759,생활가전,Internal,ImmediateRepair,191958,113.16666666666667,2.0,102.58333333333334,102.58333333333333,Medium,0.04522369535667147,medium,167429,0,Immediate Repair,SingleRepair,0.6000000000000001,0.07537282559445244,Normal
760,대형가전,Internal,InternRepair,338673,64.75,4.0,59.916666666666664,59.916666666666664,Medium,0.14452532456019387,high,279757,0,Internal Repair,SingleRepair,1.0000000000000002,0.14452532456019385,Normal
761,IT/소형가전,Internal,ImmediateRepair,124467,27.583333333333332,2.2,24.68333333333333,24.683333333333334,Medium,0.004684698883000729,low,83045,0,Immediate Repair,SingleRepair,0.2,0.023423494415003646,Normal
762,생활가전,Internal,ImmediateRepair > InternRepair,233891,101.7,3.8666666666666667,97.0,96.93333333333334,Medium,0.009383557258525247,low,121208,0,Internal Repair,MultipleRepair,0.2,0.04691778629262623,Normal
763,정밀/의료기기,Internal,ImmediateRepair,318152,8.666666666666666,2.2,5.616666666666667,5.616666666666666,Medium,0.2755745060184,high,492627,0,Immediate Repair,SingleRepair,1.0000000000000002,0.27557450601839995,VIP
764,대형가전,Internal,InternRepair,526575,27.166666666666668,3.3,23.233333333333334,23.233333333333334,Medium,0.18732208289828808,high,349274,0,Internal Repair,SingleRepair,1.0000000000000002,0.18732208289828806,Normal
765,대형가전,Internal,InternRepair > InternRepair,414375,263.01666666666665,48.43333333333333,204.73333333333335,204.73333333333332,Low,0.2317157857410217,high,421385,1,Internal Redo,MultipleRepair,1.0000000000000002,0.23171578574102164,VIP
767,대형가전,Internal,ImmediateRepair > InternRepair,238456,92.85,4.4,87.33333333333333,87.33333333333333,Low,0.14306381867969506,high,277383,0,Internal Repair,MultipleRepair,1.0000000000000002,0.14306381867969503,Normal
768,대형가전,Internal,InternRepair,550584,7.85,3.2,3.8833333333333337,3.8833333333333333,Medium,0.2135454630523434,high,391870,0,Internal Repair,SingleRepair,1.0000000000000002,0.21354546305234334,VIP
770,IT/소형가전,Internal,InternRepair,122352,34.86666666666667,3.6,30.21666666666667,30.216666666666665,High,0.004075101948346172,low,78094,0,Internal Repair,SingleRepair,0.2,0.020375509741730857,Normal
771,생활가전,Internal,InternRepair,207733,385.9166666666667,4.4,380.4666666666667,380.46666666666664,Low,0.05487812986347788,medium,193566,1,Internal Repair,SingleRepair,0.6000000000000001,0.09146354977246311,Normal
772,IT/소형가전,External,ExternRepair,149305,17.85,9.6,7.516666666666667,7.516666666666667,Medium,0.01812735170701917,low,192223,0,External Repair,SingleRepair,0.2,0.09063675853509584,Normal
775,대형가전,External,ImmediateRepair > InternRepair > ExternRepair,664487,47.5,5.6,41.05,41.05,High,0.1821661807293001,high,340899,0,External Repair,MultipleRepair,1.0000000000000002,0.18216618072930008,Normal
776,정밀/의료기기,External,InternRepair > InternRepair > ExternRepair,1055186,16.566666666666666,9.6,6.383333333333333,6.383333333333334,High,0.517033869506117,high,884842,0,External Repair,MultipleRepair,1.0000000000000002,0.5170338695061168,VIP
777,생활가전,Internal,InternRepair,169650,185.41666666666666,3.6666666666666665,171.95,171.95,Low,0.05170258663146905,medium,184969,1,Internal Repair,SingleRepair,0.6000000000000001,0.08617097771911507,Normal
778,생활가전,Internal,InternRepair > InternRepair,155706,305.4,8.0,296.90000000000003,296.9,Medium,0.006011997399578417,low,93825,1,Internal Redo,MultipleRepair,0.2,0.030059986997892085,Normal
779,IT/소형가전,Internal,ImmediateRepair,116047,9.6,2.0,6.666666666666667,6.666666666666667,Medium,0.00474564626386399,low,83540,0,Immediate Repair,SingleRepair,0.2,0.023728231319319948,Normal
781,정밀/의료기기,Internal,InternRepair,911742,18.366666666666667,3.6,13.883333333333333,13.883333333333333,High,0.7156065926597192,high,1207394,0,Internal Repair,SingleRepair,1.0000000000000002,0.715606592659719,VIP
782,IT/소형가전,Internal,ImmediateRepair,197931,74.48333333333333,2.0,71.83333333333333,71.83333333333333,Low,0.0042535115541459,low,79543,0,Immediate Repair,SingleRepair,0.2,0.0212675577707295,Normal
783,IT/소형가전,Internal,ImmediateRepair,87369,42.93333333333333,1.8,31.133333333333336,31.133333333333333,High,0.001601007663363606,low,58000,0,Immediate Repair,SingleRepair,0.2,0.00800503831681803,Normal
785,IT/소형가전,Internal,InternRepair,115928,199.1,4.0,194.0,194.0,Low,0.0043254171509623535,low,80127,1,Internal Repair,SingleRepair,0.2,0.021627085754811766,Normal
786,IT/소형가전,Internal,ImmediateRepair,131475,6.516666666666667,0.7,5.033333333333333,5.033333333333333,Medium,0.006190160753334254,low,95272,0,Immediate Repair,SingleRepair,0.2,0.030950803766671267,Normal
787,생활가전,Internal,InternRepair,237549,10.25,2.6666666666666665,7.183333333333333,7.183333333333334,Low,0.010514100392033255,low,130390,0,Internal Repair,SingleRepair,0.2,0.05257050196016627,Normal
788,생활가전,Internal,InternRepair,245348,100.96666666666667,4.4,95.5,95.5,Low,0.07012679517739999,medium,234848,0,Internal Repair,SingleRepair,0.6000000000000001,0.1168779919623333,Normal
789,IT/소형가전,Internal,ImmediateRepair,91486,39.45,2.0,36.733333333333334,36.733333333333334,Low,0.004773226492779891,low,83764,0,Immediate Repair,SingleRepair,0.2,0.023866132463899452,Normal
790,IT/소형가전,Internal,InternRepair,100470,19.683333333333334,4.0,14.8,14.8,Medium,0.0068298004373436305,low,100467,0,Internal Repair,SingleRepair,0.2,0.03414900218671815,Normal
791,IT/소형가전,Internal,InternRepair,114946,86.98333333333333,3.6,82.23333333333333,82.23333333333333,Low,0.004475015267626721,low,81342,0,Internal Repair,SingleRepair,0.2,0.022375076338133605,Normal
792,생활가전,External,ImmediateRepair > ExternRepair,307127,52.916666666666664,4.2,47.96666666666667,47.96666666666667,Low,0.013298964756407478,low,153008,0,External Repair,MultipleRepair,0.2,0.06649482378203739,Normal
793,IT/소형가전,Internal,InternRepair,147682,158.58333333333334,3.3,144.91666666666666,144.91666666666666,Low,0.004194411063611828,low,79063,0,Internal Repair,SingleRepair,0.2,0.020972055318059138,Normal
794,대형가전,Internal,InternRepair,432810,210.31666666666666,3.3,205.9,205.9,Medium,0.16802269458836513,high,317925,1,Internal Repair,SingleRepair,1.0000000000000002,0.1680226945883651,Normal
795,IT/소형가전,Internal,InternRepair,96736,12.066666666666666,3.6,7.866666666666667,7.866666666666666,Medium,0.0015412915427198042,low,57515,0,Internal Repair,SingleRepair,0.2,0.00770645771359902,Normal
796,생활가전,External,ExternRepair,276457,207.13333333333333,6.0,199.93333333333334,199.93333333333334,Medium,0.02169406631075038,low,221191,1,External Repair,SingleRepair,0.2,0.1084703315537519,Normal
797,IT/소형가전,Internal,ImmediateRepair,100075,175.01666666666668,2.0,171.86666666666665,171.86666666666667,Medium,0.005714894308622762,low,91412,1,Immediate Repair,SingleRepair,0.2,0.028574471543113808,Normal
798,IT/소형가전,Internal,ImmediateRepair,131598,183.48333333333332,1.8,180.8,180.8,Low,0.0017833573018656056,low,59481,1,Immediate Repair,SingleRepair,0.2,0.008916786509328027,Normal
799,IT/소형가전,Internal,InternRepair,150285,374.6666666666667,4.4,369.91666666666663,369.9166666666667,Low,0.004909773251117984,low,84873,1,Internal Repair,SingleRepair,0.2,0.02454886625558992,Normal
800,IT/소형가전,Internal,ImmediateRepair,98881,12.033333333333333,1.8,9.233333333333334,9.233333333333333,High,0.0002510539587478572,low,47036,0,Immediate Repair,SingleRepair,0.2,0.001255269793739286,Normal
801,정밀/의료기기,Internal,InternRepair,651801,191.76666666666668,4.4,180.51666666666665,180.51666666666668,Low,0.45621146155513104,high,786045,1,Internal Repair,SingleRepair,1.0000000000000002,0.4562114615551309,VIP
804,IT/소형가전,Internal,ImmediateRepair,162217,14.016666666666667,1.8,11.416666666666666,11.416666666666666,Medium,0.0013982191052185735,low,56353,0,Immediate Repair,SingleRepair,0.2,0.0069910955260928664,Normal
805,생활가전,Internal,InternRepair,152779,125.05,3.6,120.60000000000001,120.6,High,0.04107373278698214,medium,156194,0,Internal Repair,SingleRepair,0.6000000000000001,0.0684562213116369,Normal
806,대형가전,External,ExternRepair,352138,16.183333333333334,6.0,9.1,9.1,High,0.0999961830933197,medium,315712,0,External Repair,SingleRepair,0.6000000000000001,0.16666030515553282,Normal
807,생활가전,Internal,InternRepair,123710,10.383333333333333,2.6666666666666665,7.249999999999999,7.25,Medium,0.003772950690490731,low,75640,0,Internal Repair,SingleRepair,0.2,0.018864753452453656,Normal
808,IT/소형가전,Internal,ImmediateRepair,110286,148.8,2.2,145.81666666666666,145.81666666666666,Medium,0.00546888851677469,low,89414,0,Immediate Repair,SingleRepair,0.2,0.027344442583873446,Normal
810,정밀/의료기기,External,ExternRepair,774900,116.55,8.4,93.76666666666667,93.76666666666667,Medium,0.6231758879848703,high,1057254,0,External Repair,SingleRepair,1.0000000000000002,0.6231758879848702,VIP
811,대형가전,Internal,InternRepair,227479,193.31666666666666,3.6666666666666665,188.71666666666667,188.71666666666667,High,0.15592433167195288,high,298273,1,Internal Repair,SingleRepair,1.0000000000000002,0.15592433167195285,Normal
812,IT/소형가전,Internal,ImmediateRepair,86321,6.683333333333334,0.8,5.35,5.35,Low,0.003013016883040129,low,69468,0,Immediate Repair,SingleRepair,0.2,0.015065084415200644,Normal
813,생활가전,Internal,InternRepair,241043,84.25,3.6666666666666665,77.28333333333333,77.28333333333333,Low,0.009330489943066528,low,120777,0,Internal Repair,SingleRepair,0.2,0.04665244971533264,Normal
814,IT/소형가전,Internal,InternRepair,71925,35.0,3.6666666666666665,23.833333333333336,23.833333333333332,Medium,0.00246018104450267,low,64978,0,Internal Repair,SingleRepair,0.2,0.012300905222513349,Normal
815,생활가전,Internal,InternRepair,190654,129.6,4.4,124.51666666666667,124.51666666666667,Low,0.014509662930202323,low,162841,0,Internal Repair,SingleRepair,0.2,0.07254831465101161,Normal
816,대형가전,External,ImmediateRepair > ExternRepair,554963,56.36666666666667,4.0,48.9,48.9,Medium,0.1745736145860011,high,328566,0,External Repair,MultipleRepair,1.0000000000000002,0.17457361458600107,Normal
818,IT/소형가전,Internal,InternRepair > InternRepair,207369,23.616666666666667,13.533333333333333,9.35,9.35,Low,0.0025322097673410693,low,65563,0,Internal Redo,MultipleRepair,0.2,0.012661048836705345,Normal
819,IT/소형가전,Internal,ImmediateRepair,109218,25.983333333333334,2.2,22.650000000000002,22.65,High,0.004428227379287249,low,80962,0,Immediate Repair,SingleRepair,0.2,0.022141136896436243,Normal
820,정밀/의료기기,External,InternRepair > ExternRepair,695996,251.86666666666667,8.4,242.68333333333334,242.68333333333334,High,0.23910088453734168,high,433381,1,External Repair,MultipleRepair,1.0000000000000002,0.23910088453734163,VIP
821,IT/소형가전,Internal,ImmediateRepair,124218,70.15,2.0,67.5,67.5,Medium,0.0025685319438151335,low,65858,0,Immediate Repair,SingleRepair,0.2,0.012842659719075666,Normal
822,생활가전,Internal,InternRepair,227814,355.8833333333333,4.033333333333333,351.0333333333333,351.03333333333336,Medium,0.02043067019956266,low,210930,1,Internal Repair,SingleRepair,0.2,0.1021533509978133,Normal
823,생활가전,Internal,ImmediateRepair,255522,6.316666666666666,1.8,3.5166666666666666,3.5166666666666666,Low,0.03456861566951006,medium,138583,0,Immediate Repair,SingleRepair,0.6000000000000001,0.05761435944918343,Normal
824,IT/소형가전,Internal,InternRepair,105151,262.75,3.6,258.7166666666667,258.71666666666664,Low,0.002941603790311459,low,68888,1,Internal Repair,SingleRepair,0.2,0.014708018951557295,Normal
826,IT/소형가전,External,ImmediateRepair > ExternRepair,232654,59.75,4.8,54.21666666666667,54.21666666666667,Low,0.0025261765922657167,low,65514,0,External Repair,MultipleRepair,0.2,0.012630882961328582,Normal
827,IT/소형가전,Internal,InternRepair,95926,12.583333333333334,4.0,7.916666666666666,7.916666666666667,Medium,0.0035878922795059194,low,74137,0,Internal Repair,SingleRepair,0.2,0.017939461397529596,Normal
828,대형가전,Internal,ImmediateRepair > InternRepair,431598,166.36666666666667,5.983333333333333,161.65,159.46666666666667,High,0.13727751127834362,high,267984,0,Internal Repair,MultipleRepair,1.0000000000000002,0.1372775112783436,Normal
830,IT/소형가전,Internal,ImmediateRepair,119204,108.38333333333334,2.2,105.15,105.15,High,0.001454118319182049,low,56807,0,Immediate Repair,SingleRepair,0.2,0.007270591595910245,Normal
831,IT/소형가전,Internal,InternRepair,122442,194.1,3.6,189.75,189.75,Medium,0.006074299166683084,low,94331,1,Internal Repair,SingleRepair,0.2,0.03037149583341542,Normal
833,IT/소형가전,Internal,InternRepair,100229,112.38333333333334,4.4,107.01666666666667,107.01666666666667,High,0.003459594964638206,low,73095,0,Internal Repair,SingleRepair,0.2,0.01729797482319103,Normal
836,IT/소형가전,Internal,ImmediateRepair,141107,32.21666666666667,2.2,29.35,29.35,Low,0.002544399243513722,low,65662,0,Immediate Repair,SingleRepair,0.2,0.012721996217568608,Normal
837,대형가전,Internal,InternRepair,391135,27.15,3.6,22.883333333333333,22.883333333333333,High,0.28084060597702964,high,501181,0,Internal Repair,SingleRepair,1.0000000000000002,0.2808406059770296,VIP
838,IT/소형가전,Internal,InternRepair,208711,23.116666666666667,3.6666666666666665,18.483333333333334,18.483333333333334,Low,0.004945972301570104,low,85167,0,Internal Repair,SingleRepair,0.2,0.024729861507850517,Normal
839,생활가전,Internal,InternRepair,234594,9.316666666666666,3.6,5.166666666666667,5.166666666666667,Low,0.025809184216229,medium,114869,0,Internal Repair,SingleRepair,0.6000000000000001,0.043015307027048325,Normal
840,생활가전,Internal,ImmediateRepair,177040,151.96666666666667,2.2,149.0,149.0,Low,0.03430118594984339,medium,137859,0,Immediate Repair,SingleRepair,0.6000000000000001,0.05716864324973897,Normal
841,대형가전,Internal,InternRepair,249950,4.216666666666667,2.4,1.0333333333333332,1.0333333333333334,Medium,0.2165546630287032,high,396758,0,Internal Repair,SingleRepair,1.0000000000000002,0.21655466302870313,VIP
843,IT/소형가전,Internal,InternRepair,163955,238.1,3.6666666666666665,233.63333333333333,233.63333333333333,Low,0.004640989145209905,low,82690,1,Internal Repair,SingleRepair,0.2,0.023204945726049524,Normal
844,대형가전,Internal,ImmediateRepair,328295,9.8,1.1,7.8,7.8,Low,0.14137329839837673,high,274637,0,Immediate Repair,SingleRepair,1.0000000000000002,0.1413732983983767,Normal
845,생활가전,Internal,ImmediateRepair,333378,30.983333333333334,2.0,27.916666666666668,27.916666666666668,Low,0.06869065325742206,medium,230960,0,Immediate Repair,SingleRepair,0.6000000000000001,0.1144844220957034,Normal
846,IT/소형가전,Internal,InternRepair,101514,35.2,4.4,29.85,29.85,Low,0.005635478024467604,low,90767,0,Internal Repair,SingleRepair,0.2,0.028177390122338018,Normal
847,대형가전,Internal,InternRepair,396446,78.55,4.033333333333333,60.98333333333333,60.983333333333334,High,0.21497557179724597,high,394193,0,Internal Repair,SingleRepair,1.0000000000000002,0.2149755717972459,VIP
848,정밀/의료기기,Internal,InternRepair,1086339,21.583333333333332,4.033333333333333,16.6,16.6,Medium,0.5775890939894802,high,983205,0,Internal Repair,SingleRepair,1.0000000000000002,0.5775890939894801,VIP
849,IT/소형가전,Internal,InternRepair,96155,9.05,3.2,1.0166666666666666,1.0166666666666666,Low,0.004833435117511476,low,84253,0,Internal Repair,SingleRepair,0.2,0.024167175587557377,Normal
850,대형가전,Internal,ImmediateRepair,325344,6.983333333333333,1.8,4.283333333333333,4.283333333333333,Medium,0.23724783790705467,high,430371,0,Immediate Repair,SingleRepair,1.0000000000000002,0.23724783790705462,VIP
851,생활가전,Internal,InternRepair,150261,7.3,3.2,3.6,3.6,Medium,0.007178616457516599,low,103300,0,Internal Repair,SingleRepair,0.2,0.03589308228758299,Normal
852,대형가전,Internal,InternRepair,557247,358.76666666666665,4.0,353.79999999999995,353.8,Low,0.29667522802939267,high,526902,1,Internal Repair,SingleRepair,1.0000000000000002,0.2966752280293926,VIP
853,정밀/의료기기,Internal,InternRepair,1299733,144.91666666666666,4.4,139.51666666666665,139.51666666666668,High,0.4972395145879712,high,852689,0,Internal Repair,SingleRepair,1.0000000000000002,0.4972395145879711,VIP
854,생활가전,Internal,InternRepair,190484,110.33333333333333,4.4,105.21666666666667,105.21666666666667,Low,0.016151055928764212,low,176172,0,Internal Repair,SingleRepair,0.2,0.08075527964382105,Normal
855,대형가전,Internal,InternRepair,285645,211.6,4.033333333333333,191.23333333333335,191.23333333333332,High,0.16764962274186881,high,317319,1,Internal Repair,SingleRepair,1.0000000000000002,0.1676496227418688,Normal
856,생활가전,Internal,InternRepair,178620,250.68333333333334,4.0,245.98333333333335,245.98333333333332,Medium,0.01681544394318473,low,181568,1,Internal Repair,SingleRepair,0.2,0.08407721971592365,Normal
857,대형가전,Internal,InternRepair,219858,9.4,2.4,6.533333333333333,6.533333333333333,Medium,0.13683487322944785,high,267265,0,Internal Repair,SingleRepair,1.0000000000000002,0.13683487322944782,Normal
858,생활가전,Internal,ImmediateRepair,173275,82.1,2.0,79.03333333333333,79.03333333333333,High,0.04503605129922579,medium,166921,0,Immediate Repair,SingleRepair,0.6000000000000001,0.07506008549870964,Normal
859,IT/소형가전,Internal,ImmediateRepair,192969,38.43333333333333,2.0,35.75,35.75,Low,0.0014995518212801166,low,57176,0,Immediate Repair,SingleRepair,0.2,0.0074977591064005825,Normal
860,IT/소형가전,Internal,ImmediateRepair,107135,197.53333333333333,1.8,195.1,195.1,Medium,0.003476709481688699,low,73234,1,Immediate Repair,SingleRepair,0.2,0.017383547408443493,Normal
861,생활가전,Internal,InternRepair,154756,10.066666666666666,3.6,5.85,5.85,Medium,0.0076027856031205075,low,106745,0,Internal Repair,SingleRepair,0.2,0.038013928015602536,Normal
862,IT/소형가전,Internal,ImmediateRepair,98089,177.38333333333333,1.8,158.3,158.3,Medium,0.0027894200271862263,low,67652,1,Immediate Repair,SingleRepair,0.2,0.013947100135931131,Normal
863,IT/소형가전,Internal,ImmediateRepair,124825,197.81666666666666,2.2,194.81666666666666,194.81666666666666,Medium,0.0023088591635310575,low,63749,1,Immediate Repair,SingleRepair,0.2,0.011544295817655287,Normal
864,IT/소형가전,Internal,ImmediateRepair,102861,33.0,2.0,29.9,29.9,Medium,0.006056076515435079,low,94183,0,Immediate Repair,SingleRepair,0.2,0.030280382577175392,Normal
865,IT/소형가전,Internal,InternRepair > InternRepair > InternRepair,157430,79.5,26.25,52.33333333333333,52.333333333333336,High,0.003762115600559485,low,75552,0,Internal Redo,MultipleRepair,0.2,0.018810578002797423,Normal
866,IT/소형가전,External,ExternRepair,214454,20.6,7.2,7.383333333333333,7.383333333333334,Low,0.014024546403735154,low,158901,0,External Repair,SingleRepair,0.2,0.07012273201867576,Normal
867,대형가전,External,ImmediateRepair > ExternRepair,454163,110.78333333333333,4.0,105.91666666666667,105.91666666666667,High,0.1290933245995942,high,254690,0,External Repair,MultipleRepair,1.0000000000000002,0.12909332459959416,Normal
868,대형가전,Internal,InternRepair,377255,279.3333333333333,3.6666666666666665,275.0833333333333,275.0833333333333,High,0.2403967859183232,high,435486,1,Internal Repair,SingleRepair,1.0000000000000002,0.24039678591832314,VIP
869,대형가전,External,ExternRepair,569097,45.9,5.4,39.56666666666666,39.56666666666667,Medium,0.3256941845117315,high,574039,0,External Repair,SingleRepair,1.0000000000000002,0.32569418451173143,VIP
870,생활가전,Internal,InternRepair,147695,174.61666666666667,4.0,164.36666666666667,164.36666666666667,High,0.009596688402513744,low,122939,1,Internal Repair,SingleRepair,0.2,0.04798344201256871,Normal
872,정밀/의료기기,External,ImmediateRepair > ExternRepair,1097976,13.25,4.6,7.7,7.7,Medium,0.5426810198774651,high,926502,0,External Repair,MultipleRepair,1.0000000000000002,0.542681019877465,VIP
873,생활가전,Internal,ImmediateRepair,221670,20.466666666666665,2.0,17.783333333333335,17.783333333333335,Low,0.0794144372648293,medium,259992,0,Immediate Repair,SingleRepair,0.6000000000000001,0.13235739544138214,Normal
874,IT/소형가전,Internal,InternRepair,198026,104.08333333333333,4.0,93.06666666666666,93.06666666666666,Low,0.003060174149445441,low,69851,0,Internal Repair,SingleRepair,0.2,0.015300870747227205,Normal
875,IT/소형가전,Internal,ImmediateRepair,87557,196.46666666666667,2.0,193.5666666666667,193.56666666666666,Low,0.0010785839522468033,low,53757,1,Immediate Repair,SingleRepair,0.2,0.005392919761234016,Normal
876,생활가전,Internal,ImmediateRepair,144917,172.33333333333334,2.2,169.26666666666665,169.26666666666668,High,0.04246407182679617,medium,159958,1,Immediate Repair,SingleRepair,0.6000000000000001,0.07077345304466028,Normal
877,IT/소형가전,Internal,ImmediateRepair,124762,8.866666666666667,2.2,5.9833333333333325,5.983333333333333,Low,0.003154858060321901,low,70620,0,Immediate Repair,SingleRepair,0.2,0.015774290301609505,Normal
878,생활가전,Internal,InternRepair,146901,7.483333333333333,2.4,4.266666666666667,4.266666666666667,Low,0.030555692362246614,medium,127719,0,Internal Repair,SingleRepair,0.6000000000000001,0.05092615393707768,Normal
879,정밀/의료기기,Internal,InternRepair,879661,117.63333333333334,4.0,113.13333333333333,113.13333333333334,Low,0.6075431926084988,high,1031861,0,Internal Repair,SingleRepair,1.0000000000000002,0.6075431926084987,VIP
880,IT/소형가전,External,ImmediateRepair > ExternRepair,266111,149.58333333333334,3.8,144.95000000000002,144.95,Medium,0.0022103583459742713,low,62949,0,External Repair,MultipleRepair,0.2,0.011051791729871356,Normal
881,IT/소형가전,Internal,ImmediateRepair,137577,23.8,1.8,21.299999999999997,21.3,Medium,0.002900602825003447,low,68555,0,Immediate Repair,SingleRepair,0.2,0.014503014125017234,Normal
882,정밀/의료기기,Internal,InternRepair,514589,134.95,4.4,129.76666666666665,129.76666666666668,High,0.21905473690431637,high,400819,0,Internal Repair,SingleRepair,1.0000000000000002,0.21905473690431632,VIP
884,생활가전,Internal,InternRepair,116508,204.95,4.033333333333333,200.45,200.45,Low,0.02456179448789425,medium,111492,1,Internal Repair,SingleRepair,0.6000000000000001,0.04093632414649041,Normal
885,IT/소형가전,Internal,ImmediateRepair,159571,216.56666666666666,2.2,213.41666666666669,213.41666666666666,Medium,0.005006796556411418,low,85661,1,Immediate Repair,SingleRepair,0.2,0.02503398278205709,Normal
886,정밀/의료기기,External,ExternRepair,1033642,14.766666666666667,7.2,7.016666666666667,7.016666666666667,Medium,0.6371359163531058,high,1079930,0,External Repair,SingleRepair,1.0000000000000002,0.6371359163531057,VIP
887,대형가전,Internal,ImmediateRepair,364982,110.4,1.8,101.88333333333333,101.88333333333334,Medium,0.23919507594413036,high,433534,0,Immediate Repair,SingleRepair,1.0000000000000002,0.2391950759441303,VIP
888,생활가전,Internal,InternRepair,256523,61.88333333333333,4.0,57.483333333333334,57.483333333333334,Low,0.061557224049959634,medium,211648,0,Internal Repair,SingleRepair,0.6000000000000001,0.10259537341659937,Normal
889,대형가전,External,InternRepair > ExternRepair,504239,13.916666666666666,5.866666666666666,7.566666666666666,7.566666666666666,Medium,0.1563466539272276,high,298959,0,External Repair,MultipleRepair,1.0000000000000002,0.15634665392722757,Normal
890,IT/소형가전,Internal,InternRepair,124409,323.76666666666665,4.4,318.85,318.85,Low,0.0015251620338448805,low,57384,1,Internal Repair,SingleRepair,0.2,0.007625810169224402,Normal
891,IT/소형가전,Internal,ImmediateRepair,89599,10.883333333333333,1.8,8.25,8.25,Low,0.0036185506589704697,low,74386,0,Immediate Repair,SingleRepair,0.2,0.018092753294852347,Normal
892,생활가전,Internal,InternRepair,207721,9.3,2.933333333333333,5.7666666666666675,5.766666666666667,Medium,0.041806948247670464,medium,158179,0,Internal Repair,SingleRepair,0.6000000000000001,0.06967824707945076,Normal
893,IT/소형가전,Internal,InternRepair,114964,308.31666666666666,4.033333333333333,295.28333333333336,295.28333333333336,Low,0.0036184275329485234,low,74385,1,Internal Repair,SingleRepair,0.2,0.018092137664742616,Normal
894,생활가전,Internal,ImmediateRepair,196742,106.65,2.2,103.41666666666667,103.41666666666667,Medium,0.046536834380725374,medium,170984,0,Immediate Repair,SingleRepair,0.6000000000000001,0.07756139063454227,Normal
895,대형가전,Internal,ImmediateRepair,226825,53.88333333333333,2.0,41.68333333333333,41.68333333333333,High,0.14445575835779442,high,279644,0,Immediate Repair,SingleRepair,1.0000000000000002,0.1444557583577944,Normal
896,IT/소형가전,Internal,InternRepair,102791,307.1666666666667,4.033333333333333,302.40000000000003,302.4,Low,0.003143284214258979,low,70526,1,Internal Repair,SingleRepair,0.2,0.015716421071294895,Normal
897,생활가전,Internal,InternRepair,132496,32.93333333333333,3.6666666666666665,28.21666666666667,28.216666666666665,Medium,0.03185331750753532,medium,131232,0,Internal Repair,SingleRepair,0.6000000000000001,0.05308886251255886,Normal
898,IT/소형가전,Internal,ImmediateRepair,119223,77.2,1.8,74.36666666666666,74.36666666666666,High,0.0006743612221981444,low,50474,0,Immediate Repair,SingleRepair,0.2,0.0033718061109907216,Normal
899,정밀/의료기기,Internal,InternRepair,572237,20.7,4.0,15.716666666666667,15.716666666666667,Low,0.45013272985165786,high,776171,0,Internal Repair,SingleRepair,1.0000000000000002,0.45013272985165775,VIP
900,IT/소형가전,Internal,InternRepair,191430,308.01666666666665,3.6,303.7,303.7,Medium,0.004095417741967258,low,78259,1,Internal Repair,SingleRepair,0.2,0.02047708870983629,Normal
901,생활가전,Internal,ImmediateRepair,144012,61.166666666666664,2.0,55.96666666666666,55.96666666666667,Low,0.024767907448631825,medium,112050,0,Immediate Repair,SingleRepair,0.6000000000000001,0.0412798457477197,Normal
902,생활가전,Internal,ImmediateRepair,183929,79.1,2.0,74.58333333333333,74.58333333333333,Medium,0.04024706467563681,medium,153956,0,Immediate Repair,SingleRepair,0.6000000000000001,0.06707844112606134,Normal
903,생활가전,Internal,InternRepair,200595,323.96666666666664,3.6,319.6333333333333,319.6333333333333,Low,0.014325835779436968,low,161348,1,Internal Repair,SingleRepair,0.2,0.07162917889718484,Normal
904,대형가전,Internal,InternRepair > InternRepair,265393,243.06666666666666,48.31666666666667,192.95,192.95,Medium,0.16670278363310417,high,315781,1,Internal Redo,MultipleRepair,1.0000000000000002,0.16670278363310415,Normal
905,대형가전,External,ExternRepair,516136,92.63333333333334,6.6,85.25,85.25,Low,0.3011576308583362,high,534183,0,External Repair,SingleRepair,1.0000000000000002,0.30115763085833613,VIP
906,생활가전,Internal,ImmediateRepair,143066,265.31666666666666,1.8,262.71666666666664,262.71666666666664,Medium,0.03964497842832096,medium,152326,1,Immediate Repair,SingleRepair,0.6000000000000001,0.06607496404720159,Normal
907,대형가전,Internal,InternRepair,256775,54.916666666666664,3.3,50.78333333333333,50.78333333333333,High,0.17163090266149214,high,323786,0,Internal Repair,SingleRepair,1.0000000000000002,0.1716309026614921,Normal
908,정밀/의료기기,Internal,InternRepair,619857,21.066666666666666,3.3,16.85,16.85,Medium,0.48464310691278745,high,832228,0,Internal Repair,SingleRepair,1.0000000000000002,0.48464310691278734,VIP
909,생활가전,Internal,InternRepair,338415,8.75,3.6,4.05,4.05,High,0.021915446898209255,low,222989,0,Internal Repair,SingleRepair,0.2,0.10957723449104627,Normal
910,생활가전,Internal,InternRepair > InternRepair,234103,288.8333333333333,23.35,262.3833333333333,262.3833333333333,High,0.04505378144638601,medium,166969,1,Internal Redo,MultipleRepair,0.6000000000000001,0.07508963574397667,Normal
911,IT/소형가전,Internal,InternRepair,127822,69.1,4.0,64.05,64.05,High,0.0017445726049526212,low,59166,0,Internal Repair,SingleRepair,0.2,0.008722863024763106,Normal
912,대형가전,External,ImmediateRepair > ExternRepair,464279,81.48333333333333,4.4,76.16666666666666,76.16666666666667,Low,0.2357069157424007,high,427868,0,External Repair,MultipleRepair,1.0000000000000002,0.23570691574240066,VIP
913,생활가전,Internal,ImmediateRepair,180899,38.0,2.2,35.11666666666667,35.11666666666667,Medium,0.0646396840093773,medium,219993,0,Immediate Repair,SingleRepair,0.6000000000000001,0.10773280668229547,Normal
914,생활가전,Internal,InternRepair,165175,352.96666666666664,4.0,348.6,348.6,Low,0.014222040542936507,low,160505,1,Internal Repair,SingleRepair,0.2,0.07111020271468253,Normal
915,IT/소형가전,Internal,InternRepair,117059,146.75,4.4,136.58333333333334,136.58333333333334,Low,0.00430805638186797,low,79986,0,Internal Repair,SingleRepair,0.2,0.021540281909339848,Normal
916,대형가전,Internal,ImmediateRepair,459944,67.18333333333334,1.8,64.55,64.55,High,0.2606300851047064,high,468352,0,Immediate Repair,SingleRepair,1.0000000000000002,0.26063008510470637,VIP
917,생활가전,Internal,InternRepair,136903,16.466666666666665,4.4,11.65,11.65,Medium,0.013512588404483758,low,154743,0,Internal Repair,SingleRepair,0.2,0.06756294202241879,Normal
919,대형가전,Internal,InternRepair,328585,168.9,3.6,164.21666666666667,164.21666666666667,Medium,0.22849357774669532,high,416151,1,Internal Repair,SingleRepair,1.0000000000000002,0.22849357774669526,VIP
920,IT/소형가전,Internal,InternRepair,103573,188.65,3.6,183.98333333333332,183.98333333333332,Low,0.0007902228088493128,low,51415,1,Internal Repair,SingleRepair,0.2,0.003951114044246563,Normal
921,정밀/의료기기,External,ExternRepair,586656,14.366666666666667,8.0,5.55,5.55,High,0.419215170110912,high,725950,0,External Repair,SingleRepair,1.0000000000000002,0.4192151701109119,VIP
922,IT/소형가전,Internal,InternRepair,143170,76.85,3.6666666666666665,72.2,72.2,Medium,0.00670507377711235,low,99454,0,Internal Repair,SingleRepair,0.2,0.03352536888556175,Normal
923,IT/소형가전,External,InternRepair > ExternRepair,264210,13.316666666666666,9.2,3.5666666666666664,3.566666666666667,Medium,0.0037314572210949346,low,75303,0,External Repair,MultipleRepair,0.2,0.018657286105474673,Normal
924,대형가전,Internal,ImmediateRepair,409529,112.45,2.0,107.03333333333335,107.03333333333333,High,0.17373697326687812,high,327207,0,Immediate Repair,SingleRepair,1.0000000000000002,0.1737369732668781,Normal
925,정밀/의료기기,Internal,InternRepair,683846,60.93333333333333,4.033333333333333,56.266666666666666,56.266666666666666,Low,0.47784655050136926,high,821188,0,Internal Repair,SingleRepair,1.0000000000000002,0.47784655050136915,VIP
926,IT/소형가전,Internal,ImmediateRepair,84559,140.55,2.0,137.41666666666666,137.41666666666666,Low,0.0008171874076554842,low,51634,0,Immediate Repair,SingleRepair,0.2,0.004085937038277421,Normal
927,생활가전,Internal,InternRepair,295120,9.733333333333333,4.0,5.300000000000001,5.3,Medium,0.015366127538858574,low,169797,0,Internal Repair,SingleRepair,0.2,0.07683063769429287,Normal
928,생활가전,Internal,ImmediateRepair,131392,260.0,1.8,248.38333333333333,248.38333333333333,High,0.02508705009751581,medium,112914,1,Immediate Repair,SingleRepair,0.6000000000000001,0.04181175016252635,Normal
929,정밀/의료기기,Internal,InternRepair,982862,354.8666666666667,3.6,350.3833333333333,350.3833333333333,Low,0.6979176927168497,high,1178661,1,Internal Repair,SingleRepair,1.0000000000000002,0.6979176927168496,VIP
930,IT/소형가전,Internal,ImmediateRepair,113651,11.016666666666667,1.8,8.316666666666666,8.316666666666666,Low,0.0021913969385945905,low,62795,0,Immediate Repair,SingleRepair,0.2,0.010956984692972953,Normal
931,생활가전,Internal,InternRepair,163716,45.4,4.4,36.266666666666666,36.266666666666666,Low,0.038943898859360546,medium,150428,0,Internal Repair,SingleRepair,0.6000000000000001,0.06490649809893423,Normal
932,대형가전,External,ExternRepair,311579,19.166666666666668,12.0,6.666666666666666,6.666666666666667,High,0.17400908177537874,high,327649,0,External Repair,SingleRepair,1.0000000000000002,0.17400908177537872,Normal
933,대형가전,External,ExternRepair,627052,16.433333333333334,8.8,7.050000000000001,7.05,Low,0.3750744912432774,high,654250,0,External Repair,SingleRepair,1.0000000000000002,0.3750744912432773,VIP
934,대형가전,Internal,InternRepair,202544,7.966666666666667,3.6666666666666665,3.8666666666666663,3.8666666666666667,Medium,0.17641065483343513,high,331550,0,Internal Repair,SingleRepair,1.0000000000000002,0.1764106548334351,Normal
935,생활가전,Internal,InternRepair,172917,22.85,3.3,19.1,19.1,High,0.028360847895037535,medium,121777,0,Internal Repair,SingleRepair,0.6000000000000001,0.04726807982506255,Normal
936,IT/소형가전,Internal,InternRepair,101278,107.18333333333334,3.6,101.96666666666667,101.96666666666667,Low,0.0036951350446208704,low,75008,0,Internal Repair,SingleRepair,0.2,0.01847567522310435,Normal
937,정밀/의료기기,Internal,InternRepair,848469,28.85,2.4,3.7333333333333334,3.7333333333333334,Medium,0.4612688629065622,high,794260,0,Internal Repair,SingleRepair,1.0000000000000002,0.4612688629065621,VIP
938,대형가전,Internal,ImmediateRepair,394966,31.166666666666668,2.0,28.2,28.2,Medium,0.19619639093004476,high,363689,0,Immediate Repair,SingleRepair,1.0000000000000002,0.1961963909300447,Normal
939,대형가전,Internal,InternRepair,300272,328.1166666666667,4.033333333333333,323.71666666666664,323.71666666666664,High,0.138300072890605,high,269645,1,Internal Repair,SingleRepair,1.0000000000000002,0.13830007289060497,Normal
940,IT/소형가전,Internal,InternRepair,207524,101.0,3.6,88.01666666666667,88.01666666666667,Low,0.004292296251058885,low,79858,0,Internal Repair,SingleRepair,0.2,0.021461481255294422,Normal
941,IT/소형가전,Internal,InternRepair,101908,9.3,3.2,5.283333333333333,5.283333333333333,Low,0.00268722542897106,low,66822,0,Internal Repair,SingleRepair,0.2,0.0134361271448553,Normal
943,대형가전,Internal,InternRepair,284609,398.53333333333336,4.4,393.4,393.4,Low,0.14267289356001658,high,276748,1,Internal Repair,SingleRepair,1.0000000000000002,0.14267289356001656,Normal
944,IT/소형가전,Internal,InternRepair,122241,242.33333333333334,4.0,229.95000000000002,229.95,Medium,0.00266395461082327,low,66633,1,Internal Repair,SingleRepair,0.2,0.01331977305411635,Normal
945,정밀/의료기기,Internal,ImmediateRepair,747036,141.28333333333333,2.2,135.16666666666666,135.16666666666666,High,0.2724988179901894,high,487631,0,Immediate Repair,SingleRepair,1.0000000000000002,0.2724988179901893,VIP
946,생활가전,External,ExternRepair,296464,72.85,8.4,63.733333333333334,63.733333333333334,Low,0.02058851775969741,low,212212,0,External Repair,SingleRepair,0.2,0.10294258879848704,Normal
947,생활가전,Internal,ImmediateRepair,217827,8.783333333333333,2.0,6.033333333333333,6.033333333333333,Low,0.020327613719193872,medium,100029,0,Immediate Repair,SingleRepair,0.6000000000000001,0.03387935619865645,Normal
948,정밀/의료기기,Internal,InternRepair,671825,101.8,3.6,97.53333333333333,97.53333333333333,High,0.3498829071531294,high,613330,0,Internal Repair,SingleRepair,1.0000000000000002,0.34988290715312936,VIP
949,IT/소형가전,Internal,ImmediateRepair,127338,40.45,1.8,33.733333333333334,33.733333333333334,Low,0.0009852544276117495,low,52999,0,Immediate Repair,SingleRepair,0.2,0.004926272138058747,Normal
950,생활가전,Internal,InternRepair > InternRepair,309389,258.1666666666667,31.533333333333335,225.68333333333334,225.68333333333334,Low,0.016708324304091724,low,180698,1,Internal Redo,MultipleRepair,0.2,0.08354162152045862,Normal
951,대형가전,Internal,InternRepair,270151,22.633333333333333,3.2,4.766666666666667,4.766666666666667,Medium,0.12003925257579641,high,239983,0,Internal Repair,SingleRepair,1.0000000000000002,0.12003925257579638,Normal
952,대형가전,External,ExternRepair,398110,15.583333333333334,7.2,7.6000000000000005,7.6,Medium,0.24932588502984582,high,449990,0,External Repair,SingleRepair,1.0000000000000002,0.24932588502984576,VIP
953,IT/소형가전,Internal,ImmediateRepair > InternRepair,179671,12.833333333333334,5.116666666666666,8.35,7.033333333333333,Low,0.005368171430822875,low,88596,0,Internal Repair,MultipleRepair,0.2,0.026840857154114377,Normal
954,대형가전,Internal,InternRepair > InternRepair,556690,288.51666666666665,212.36666666666667,75.10000000000001,75.1,Medium,0.26191182699316407,high,470434,1,Internal Redo,MultipleRepair,1.0000000000000002,0.261911826993164,VIP
955,정밀/의료기기,Internal,InternRepair > InternRepair,1155273,288.6166666666667,113.55,174.53333333333333,174.53333333333333,Low,0.5567703305687438,high,949388,1,Internal Redo,MultipleRepair,1.0000000000000002,0.5567703305687437,VIP
956,생활가전,Internal,ImmediateRepair,119443,27.466666666666665,2.0,24.71666666666667,24.716666666666665,Medium,0.006451803549969465,low,97397,0,Immediate Repair,SingleRepair,0.2,0.032259017749847324,Normal
957,IT/소형가전,Internal,InternRepair,90049,84.73333333333333,4.0,78.8,78.8,Medium,0.002186964401804535,low,62759,0,Internal Repair,SingleRepair,0.2,0.010934822009022675,Normal
958,생활가전,Internal,InternRepair,168937,247.3,3.6,242.58333333333334,242.58333333333334,Low,0.005000517129292174,low,85610,1,Internal Repair,SingleRepair,0.2,0.025002585646460865,Normal
959,IT/소형가전,Internal,ImmediateRepair,80822,8.066666666666666,2.0,5.133333333333333,5.133333333333334,Low,0.0,low,44997,0,Immediate Repair,SingleRepair,0.2,0.0,Normal
960,IT/소형가전,Internal,InternRepair,175494,6.816666666666666,3.6,2.7,2.7,Medium,0.0011171223971158967,low,54070,0,Internal Repair,SingleRepair,0.2,0.005585611985579483,Normal
961,IT/소형가전,Internal,ImmediateRepair,108290,36.15,2.2,24.916666666666668,24.916666666666668,Low,0.00300316680128445,low,69388,0,Immediate Repair,SingleRepair,0.2,0.01501583400642225,Normal
962,생활가전,Internal,ImmediateRepair,117003,9.6,2.0,6.616666666666666,6.616666666666666,Medium,0.041647376923228466,medium,157747,0,Immediate Repair,SingleRepair,0.6000000000000001,0.06941229487204743,Normal
963,생활가전,External,InternRepair > ExternRepair,309046,12.333333333333334,7.2,4.4,4.4,Low,0.009211427079844764,low,119810,0,External Repair,MultipleRepair,0.2,0.04605713539922382,Normal
964,정밀/의료기기,Internal,InternRepair,692797,170.71666666666667,3.6666666666666665,166.1,166.1,High,0.5075051466677174,high,869364,1,Internal Repair,SingleRepair,1.0000000000000002,0.5075051466677173,VIP
965,IT/소형가전,Internal,ImmediateRepair,96450,232.06666666666666,2.2,224.26666666666665,224.26666666666668,Low,0.004076210082543686,low,78103,1,Immediate Repair,SingleRepair,0.2,0.020381050412718427,Normal
967,IT/소형가전,Internal,InternRepair,173813,72.9,4.4,67.68333333333334,67.68333333333334,Low,0.005189638699001202,low,87146,0,Internal Repair,SingleRepair,0.2,0.02594819349500601,Normal
968,대형가전,Internal,InternRepair,426203,267.26666666666665,3.6,262.51666666666665,262.51666666666665,Medium,0.27458272591162514,high,491016,1,Internal Repair,SingleRepair,1.0000000000000002,0.2745827259116251,VIP
969,정밀/의료기기,Internal,InternRepair,760318,304.3333333333333,3.6666666666666665,297.08333333333337,297.0833333333333,Low,0.3108507269360336,high,549928,1,Internal Repair,SingleRepair,1.0000000000000002,0.31085072693603355,VIP
970,IT/소형가전,Internal,InternRepair,111805,98.46666666666667,3.3,87.91666666666666,87.91666666666667,Low,0.0028982634305864743,low,68536,0,Internal Repair,SingleRepair,0.2,0.014491317152932372,Normal
971,IT/소형가전,Internal,ImmediateRepair,120720,9.083333333333334,1.8,6.316666666666666,6.316666666666666,Medium,0.002253083075589528,low,63296,0,Immediate Repair,SingleRepair,0.2,0.01126541537794764,Normal
972,IT/소형가전,External,ExternRepair,270044,113.18333333333334,6.0,100.36666666666666,100.36666666666666,High,0.01472673410689309,low,164604,0,External Repair,SingleRepair,0.2,0.07363367053446544,Normal
973,생활가전,External,ImmediateRepair > ExternRepair,352002,133.4,3.8,128.51666666666665,128.51666666666668,Low,0.05665705462855342,medium,198382,0,External Repair,MultipleRepair,0.6000000000000001,0.09442842438092236,Normal
974,생활가전,Internal,InternRepair,112261,25.25,4.0,13.766666666666666,13.766666666666667,High,0.0060363763519237215,low,94023,0,Internal Repair,SingleRepair,0.2,0.030181881759618605,Normal
975,IT/소형가전,Internal,InternRepair,144812,193.03333333333333,4.0,188.03333333333333,188.03333333333333,Medium,0.0016847333582868732,low,58680,1,Internal Repair,SingleRepair,0.2,0.008423666791434366,Normal
976,IT/소형가전,Internal,InternRepair,201747,7.1,1.8666666666666667,4.716666666666667,4.716666666666667,Medium,0.0036210131794093894,low,74406,0,Internal Repair,SingleRepair,0.2,0.018105065897046947,Normal
977,생활가전,Internal,InternRepair,153972,121.11666666666666,4.4,115.9,115.9,Medium,0.006880158980319537,low,100876,0,Internal Repair,SingleRepair,0.2,0.034400794901597684,Normal
978,정밀/의료기기,Internal,InternRepair,641560,5.166666666666667,3.2,1.3833333333333333,1.3833333333333333,Medium,0.2229184314729813,high,407095,0,Internal Repair,SingleRepair,1.0000000000000002,0.22291843147298124,VIP
979,대형가전,Internal,InternRepair,289370,277.0833333333333,4.4,272.26666666666665,272.26666666666665,Medium,0.13804766454561576,high,269235,1,Internal Repair,SingleRepair,1.0000000000000002,0.13804766454561573,Normal
980,생활가전,Internal,InternRepair,187437,128.61666666666667,3.6,118.0,118.0,Medium,0.01500192076594236,low,166839,0,Internal Repair,SingleRepair,0.2,0.0750096038297118,Normal
981,IT/소형가전,External,ImmediateRepair > ExternRepair,263750,25.016666666666666,5.2,18.783333333333335,18.783333333333335,High,0.003262470203502689,low,71494,0,External Repair,MultipleRepair,0.2,0.016312351017513445,Normal
982,IT/소형가전,Internal,InternRepair,99900,101.55,4.033333333333333,97.0,97.0,Low,0.0026696184078327857,low,66679,0,Internal Repair,SingleRepair,0.2,0.013348092039163928,Normal
983,IT/소형가전,Internal,InternRepair,109519,16.233333333333334,4.0,7.733333333333333,7.733333333333333,Low,0.0016358523275743194,low,58283,0,Internal Repair,SingleRepair,0.2,0.008179261637871596,Normal
984,대형가전,Internal,InternRepair,335584,81.3,3.6666666666666665,67.21666666666667,67.21666666666667,Low,0.24155293926439592,high,437364,0,Internal Repair,SingleRepair,1.0000000000000002,0.24155293926439586,VIP
985,정밀/의료기기,Internal,InternRepair,495290,183.88333333333333,4.0,165.1,165.1,High,0.3210738805382085,high,566534,1,Internal Repair,SingleRepair,1.0000000000000002,0.32107388053820846,VIP
986,대형가전,Internal,ImmediateRepair,247793,44.083333333333336,2.0,41.266666666666666,41.266666666666666,Medium,0.19043840251374095,high,354336,0,Immediate Repair,SingleRepair,1.0000000000000002,0.1904384025137409,Normal
987,정밀/의료기기,Internal,InternRepair,1058261,20.166666666666668,3.6,15.95,15.95,Medium,0.5458921465298163,high,931718,0,Internal Repair,SingleRepair,1.0000000000000002,0.5458921465298162,VIP
988,정밀/의료기기,Internal,InternRepair,701523,55.733333333333334,4.0,50.75,50.75,High,0.5045033342526745,high,864488,0,Internal Repair,SingleRepair,1.0000000000000002,0.5045033342526744,VIP
989,정밀/의료기기,External,ImmediateRepair > ExternRepair,994295,30.033333333333335,3.6,25.666666666666664,25.666666666666668,High,0.5134779899923171,high,879066,0,External Repair,MultipleRepair,1.0000000000000002,0.513477989992317,VIP
990,IT/소형가전,Internal,InternRepair,75237,190.2,4.4,185.1,185.1,Low,0.0025102933354346837,low,65385,1,Internal Repair,SingleRepair,0.2,0.012551466677173419,Normal
991,IT/소형가전,Internal,ImmediateRepair,96798,107.23333333333333,2.2,104.19999999999999,104.2,Medium,0.0027061868363507423,low,66976,0,Immediate Repair,SingleRepair,0.2,0.01353093418175371,Normal
992,생활가전,External,ExternRepair,296463,18.633333333333333,8.8,5.533333333333333,5.533333333333333,Medium,0.02206701503122476,low,224220,0,External Repair,SingleRepair,0.2,0.1103350751561238,Normal
993,생활가전,Internal,InternRepair,184412,149.96666666666667,4.033333333333333,145.5,145.5,Low,0.0617175341305333,medium,212082,0,Internal Repair,SingleRepair,0.6000000000000001,0.10286255688422215,Normal
994,IT/소형가전,Internal,InternRepair,85433,313.45,4.4,308.4,308.4,Medium,0.0009992907941135914,low,53113,1,Internal Repair,SingleRepair,0.2,0.004996453970567957,Normal
995,대형가전,Internal,InternRepair,370384,147.06666666666666,4.0,142.63333333333333,142.63333333333333,Medium,0.1728344595260141,high,325741,0,Internal Repair,SingleRepair,1.0000000000000002,0.17283445952601406,Normal
996,대형가전,Internal,InternRepair,422690,23.116666666666667,3.6666666666666665,18.833333333333332,18.833333333333332,Medium,0.25029611808278013,high,451566,0,Internal Repair,SingleRepair,1.0000000000000002,0.2502961180827801,VIP
997,생활가전,Internal,InternRepair,113610,199.26666666666668,4.4,194.2,194.2,Medium,0.017956206536514255,medium,93609,1,Internal Repair,SingleRepair,0.6000000000000001,0.02992701089419042,Normal
998,IT/소형가전,Internal,InternRepair,73858,300.3,3.6666666666666665,295.9666666666667,295.96666666666664,Low,0.002326343058647387,low,63891,1,Internal Repair,SingleRepair,0.2,0.011631715293236936,Normal
999,생활가전,External,ExternRepair,198352,11.7,7.2,4.033333333333333,4.033333333333333,Low,0.02030409664900219,low,209902,0,External Repair,SingleRepair,0.2,0.10152048324501094,Normal
1000,IT/소형가전,Internal,InternRepair,113788,294.1333333333333,4.0,284.6333333333333,284.6333333333333,Low,0.004900046295384252,low,84794,1,Internal Repair,SingleRepair,0.2,0.024500231476921257,Normal
